    0.0000 -187.9334
    0.0080 -187.9226
    0.0160 -187.8904
    0.0240 -187.8367
    0.0320 -187.7616
    0.0400 -187.6654
    0.0480 -187.5480
    0.0560 -187.4098
    0.0640 -187.2509
    0.0720 -187.0715
    0.0800 -186.8718
    0.0880 -186.6522
    0.0960 -186.4129
    0.1040 -186.1542
    0.1120 -185.8764
    0.1200 -185.5797
    0.1280 -185.2645
    0.1360 -184.9311
    0.1440 -184.5799
    0.1520 -184.2111
    0.1600 -183.8251
    0.1680 -183.4224
    0.1760 -183.0033
    0.1840 -182.5683
    0.1920 -182.1180
    0.2000 -181.6529
    0.2080 -181.1736
    0.2160 -180.6808
    0.2240 -180.1752
    0.2320 -179.6579
    0.2400 -179.1295
    0.2480 -178.5912
    0.2560 -178.0441
    0.2640 -177.4894
    0.2720 -176.9284
    0.2800 -176.3625
    0.2880 -175.7931
    0.2960 -175.2219
    0.3040 -174.6505
    0.3120 -174.0807
    0.3200 -173.5142
    0.3280 -172.9530
    0.3360 -172.3989
    0.3440 -171.8540
    0.3520 -171.3203
    0.3600 -170.7997
    0.3680 -170.2943
    0.3760 -169.8060
    0.3840 -169.3370
    0.3920 -168.8891
    0.4000 -168.4641
    0.4080 -168.0641
    0.4160 -167.6906
    0.4240 -167.3455
    0.4320 -167.0301
    0.4400 -166.7459
    0.4480 -166.4943
    0.4560 -166.2765
    0.4640 -166.0933
    0.4720 -165.9457
    0.4800 -165.8344
    0.4880 -165.7599
    0.4960 -165.7226
    0.5040 -165.7226
    0.5120 -165.7599
    0.5200 -165.8344
    0.5280 -165.9457
    0.5360 -166.0933
    0.5440 -166.2765
    0.5520 -166.4943
    0.5600 -166.7459
    0.5680 -167.0301
    0.5760 -167.3455
    0.5840 -167.6906
    0.5920 -168.0641
    0.6000 -168.4641
    0.6080 -168.8891
    0.6160 -169.3370
    0.6240 -169.8060
    0.6320 -170.2943
    0.6400 -170.7997
    0.6480 -171.3203
    0.6560 -171.8540
    0.6640 -172.3989
    0.6720 -172.9530
    0.6800 -173.5142
    0.6880 -174.0807
    0.6960 -174.6505
    0.7040 -175.2219
    0.7120 -175.7931
    0.7200 -176.3625
    0.7280 -176.9284
    0.7360 -177.4894
    0.7440 -178.0441
    0.7520 -178.5912
    0.7600 -179.1295
    0.7680 -179.6579
    0.7760 -180.1752
    0.7840 -180.6808
    0.7920 -181.1736
    0.8000 -181.6529
    0.8080 -182.1180
    0.8160 -182.5683
    0.8240 -183.0033
    0.8320 -183.4224
    0.8400 -183.8251
    0.8480 -184.2111
    0.8560 -184.5799
    0.8640 -184.9311
    0.8720 -185.2645
    0.8800 -185.5797
    0.8880 -185.8764
    0.8960 -186.1542
    0.9040 -186.4129
    0.9120 -186.6522
    0.9200 -186.8718
    0.9280 -187.0715
    0.9360 -187.2509
    0.9440 -187.4098
    0.9520 -187.5480
    0.9600 -187.6654
    0.9680 -187.7616
    0.9760 -187.8367
    0.9840 -187.8904
    0.9920 -187.9226
    1.0000 -187.9334
    1.0064 -187.9265
    1.0129 -187.9056
    1.0193 -187.8710
    1.0257 -187.8226
    1.0321 -187.7605
    1.0385 -187.6845
    1.0450 -187.5951
    1.0514 -187.4922
    1.0578 -187.3758
    1.0642 -187.2460
    1.0707 -187.1032
    1.0771 -186.9473
    1.0835 -186.7782
    1.0899 -186.5966
    1.0963 -186.4023
    1.1028 -186.1956
    1.1092 -185.9762
    1.1156 -185.7448
    1.1220 -185.5015
    1.1285 -185.2463
    1.1349 -184.9789
    1.1413 -184.7004
    1.1477 -184.4105
    1.1542 -184.1090
    1.1606 -183.7970
    1.1670 -183.4741
    1.1734 -183.1407
    1.1798 -182.7965
    1.1863 -182.4426
    1.1927 -182.0790
    1.1991 -181.7059
    1.2055 -181.3230
    1.2120 -180.9319
    1.2184 -180.5323
    1.2248 -180.1247
    1.2312 -179.7088
    1.2376 -179.2864
    1.2441 -178.8575
    1.2505 -178.4218
    1.2569 -177.9814
    1.2633 -177.5361
    1.2698 -177.0867
    1.2762 -176.6332
    1.2826 -176.1777
    1.2890 -175.7203
    1.2954 -175.2619
    1.3019 -174.8026
    1.3083 -174.3446
    1.3147 -173.8883
    1.3211 -173.4339
    1.3276 -172.9837
    1.3340 -172.5381
    1.3404 -172.0980
    1.3468 -171.6638
    1.3533 -171.2380
    1.3597 -170.8209
    1.3661 -170.4134
    1.3725 -170.0162
    1.3789 -169.6313
    1.3854 -169.2593
    1.3918 -168.9005
    1.3982 -168.5571
    1.4046 -168.2295
    1.4111 -167.9185
    1.4175 -167.6246
    1.4239 -167.3496
    1.4303 -167.0938
    1.4367 -166.8579
    1.4432 -166.6423
    1.4496 -166.4483
    1.4560 -166.2762
    1.4624 -166.1262
    1.4689 -165.9994
    1.4753 -165.8957
    1.4817 -165.8155
    1.4881 -165.7590
    1.4946 -165.7266
    1.5010 -165.7182
    1.5074 -165.7339
    1.5138 -165.7736
    1.5175 -165.7692
    1.5212 -165.7561
    1.5249 -165.7343
    1.5285 -165.7037
    1.5322 -165.6645
    1.5359 -165.6166
    1.5396 -165.5601
    1.5432 -165.4953
    1.5469 -165.4218
    1.5506 -165.3399
    1.5543 -165.2498
    1.5580 -165.1514
    1.5616 -165.0452
    1.5653 -164.9307
    1.5690 -164.8084
    1.5727 -164.6783
    1.5763 -164.5405
    1.5800 -164.3957
    1.5837 -164.2431
    1.5874 -164.0833
    1.5911 -163.9164
    1.5947 -163.7427
    1.5984 -163.5627
    1.6021 -163.3756
    1.6058 -163.1821
    1.6094 -162.9824
    1.6131 -162.7767
    1.6168 -162.5656
    1.6205 -162.3483
    1.6242 -162.1255
    1.6278 -161.8973
    1.6315 -161.6640
    1.6352 -161.4264
    1.6389 -161.1833
    1.6425 -160.9357
    1.6462 -160.6836
    1.6499 -160.4274
    1.6536 -160.1678
    1.6573 -159.9036
    1.6609 -159.6358
    1.6646 -159.3645
    1.6683 -159.0898
    1.6720 -158.8120
    1.6756 -158.5321
    1.6793 -158.2485
    1.6830 -157.9623
    1.6867 -157.6737
    1.6904 -157.3828
    1.6940 -157.0905
    1.6977 -156.7955
    1.7014 -156.4986
    1.7051 -156.2000
    1.7088 -155.9000
    1.7124 -155.5994
    1.7161 -155.2967
    1.7198 -154.9930
    1.7235 -154.6883
    1.7271 -154.3828
    1.7308 -154.0774
    1.7345 -153.7707
    1.7382 -153.4636
    1.7419 -153.1562
    1.7455 -152.8486
    1.7492 -152.5418
    1.7529 -152.2343
    1.7566 -151.9271
    1.7602 -151.6201
    1.7639 -151.3136
    1.7676 -151.0086
    1.7713 -150.7034
    1.7750 -150.3990
    1.7786 -150.0956
    1.7823 -149.7932
    1.7860 -149.4929
    1.7897 -149.1930
    1.7933 -148.8945
    1.7970 -148.5975
    1.8007 -148.3023
    1.8044 -148.0095
    1.8081 -147.7179
 
    0.0000 -187.9334
    0.0080 -185.9571
    0.0160 -179.9231
    0.0240 -169.4810
    0.0320 -153.8989
    0.0400 -131.6672
    0.0480  -99.0341
    0.0560  -36.4322
    0.0640   24.6349
    0.0720   27.6440
    0.0800   30.6229
    0.0880   33.5468
    0.0960   36.4311
    0.1040   39.2731
    0.1120   42.0700
    0.1200   44.8190
    0.1280   47.5175
    0.1360   50.1631
    0.1440   52.7535
    0.1520   55.2867
    0.1600   57.7607
    0.1680   60.1739
    0.1760   62.5249
    0.1840   64.8124
    0.1920   67.0353
    0.2000   69.1930
    0.2080   71.2848
    0.2160   73.3103
    0.2240   75.2693
    0.2320   77.1619
    0.2400   78.9883
    0.2480   80.7487
    0.2560   82.4437
    0.2640   84.0738
    0.2720   85.6399
    0.2800   87.1426
    0.2880   88.5829
    0.2960   89.9616
    0.3040   91.2797
    0.3120   92.5382
    0.3200   93.7380
    0.3280   94.8800
    0.3360   95.9651
    0.3440   96.9942
    0.3520   97.9680
    0.3600   98.8874
    0.3680   99.7530
    0.3760  100.5653
    0.3840  101.3250
    0.3920  102.0325
    0.4000  102.6882
    0.4080  103.2925
    0.4160  103.8457
    0.4240  104.3479
    0.4320  104.7995
    0.4400  105.2006
    0.4480  105.5513
    0.4560  105.8518
    0.4640  106.1020
    0.4720  106.3022
    0.4800  106.4522
    0.4880  106.5522
    0.4960  106.6023
    0.5040  106.6023
    0.5120  106.5522
    0.5200  106.4522
    0.5280  106.3022
    0.5360  106.1020
    0.5440  105.8518
    0.5520  105.5513
    0.5600  105.2006
    0.5680  104.7995
    0.5760  104.3479
    0.5840  103.8457
    0.5920  103.2925
    0.6000  102.6882
    0.6080  102.0325
    0.6160  101.3250
    0.6240  100.5653
    0.6320   99.7530
    0.6400   98.8874
    0.6480   97.9680
    0.6560   96.9942
    0.6640   95.9651
    0.6720   94.8800
    0.6800   93.7380
    0.6880   92.5382
    0.6960   91.2797
    0.7040   89.9616
    0.7120   88.5829
    0.7200   87.1426
    0.7280   85.6399
    0.7360   84.0738
    0.7440   82.4437
    0.7520   80.7487
    0.7600   78.9883
    0.7680   77.1619
    0.7760   75.2693
    0.7840   73.3103
    0.7920   71.2848
    0.8000   69.1930
    0.8080   67.0353
    0.8160   64.8124
    0.8240   62.5249
    0.8320   60.1739
    0.8400   57.7607
    0.8480   55.2867
    0.8560   52.7535
    0.8640   50.1631
    0.8720   47.5175
    0.8800   44.8190
    0.8880   42.0700
    0.8960   39.2731
    0.9040   36.4311
    0.9120   33.5468
    0.9200   30.6229
    0.9280   27.6440
    0.9360   24.6349
    0.9440  -36.4322
    0.9520  -99.0341
    0.9600 -131.6672
    0.9680 -153.8989
    0.9760 -169.4810
    0.9840 -179.9231
    0.9920 -185.9571
    1.0000 -187.9334
    1.0064 -186.6626
    1.0129 -182.7993
    1.0193 -176.2181
    1.0257 -166.6524
    1.0321 -153.6432
    1.0385 -136.3363
    1.0450 -113.1203
    1.0514  -79.5093
    1.0578   21.7941
    1.0642   24.7217
    1.0707   27.1379
    1.0771   29.5382
    1.0835   31.9068
    1.0899   34.2427
    1.0963   36.5528
    1.1028   38.8355
    1.1092   41.0929
    1.1156   43.3166
    1.1220   45.5086
    1.1285   47.6677
    1.1349   49.7960
    1.1413   51.8855
    1.1477   53.9387
    1.1542   55.9574
    1.1606   57.9347
    1.1670   59.8727
    1.1734   61.7707
    1.1798   63.6309
    1.1863   65.4469
    1.1927   67.2213
    1.1991   68.9535
    1.2055   70.6460
    1.2120   72.2932
    1.2184   73.8976
    1.2248   75.4592
    1.2312   76.9803
    1.2376   78.4564
    1.2441   79.8899
    1.2505   81.2832
    1.2569   82.6324
    1.2633   83.9398
    1.2698   85.2059
    1.2762   86.4329
    1.2826   87.6175
    1.2890   88.7621
    1.2954   89.8671
    1.3019   90.9346
    1.3083   91.9619
    1.3147   92.9512
    1.3211   93.9042
    1.3276   94.8186
    1.3340   95.6964
    1.3404   96.5380
    1.3468   97.3449
    1.3533   98.1153
    1.3597   98.8505
    1.3661   99.5512
    1.3725  100.2184
    1.3789  100.8506
    1.3854  101.4489
    1.3918  102.0146
    1.3982  102.5460
    1.4046  103.0442
    1.4111  103.5094
    1.4175  103.9424
    1.4239  104.3420
    1.4303  104.7089
    1.4367  105.0433
    1.4432  105.3456
    1.4496  105.6150
    1.4560  105.8521
    1.4624  106.0572
    1.4689  106.2296
    1.4753  106.3697
    1.4817  106.4777
    1.4881  106.5535
    1.4946  106.5969
    1.5010  106.6081
    1.5074  106.5872
    1.5138  106.5339
    1.5175  106.5335
    1.5212  106.5322
    1.5249  106.5300
    1.5285  106.5270
    1.5322  106.5231
    1.5359  106.5184
    1.5396  106.5128
    1.5432  106.5064
    1.5469  106.4992
    1.5506  106.4911
    1.5543  106.4823
    1.5580  106.4727
    1.5616  106.4623
    1.5653  106.4512
    1.5690  106.4393
    1.5727  106.4267
    1.5763  106.4135
    1.5800  106.3996
    1.5837  106.3850
    1.5874  106.3698
    1.5911  106.3540
    1.5947  106.3376
    1.5984  106.3208
    1.6021  106.3034
    1.6058  106.2855
    1.6094  106.2671
    1.6131  106.2483
    1.6168  106.2292
    1.6205  106.2097
    1.6242  106.1899
    1.6278  106.1698
    1.6315  106.1494
    1.6352  106.1289
    1.6389  106.1081
    1.6425  106.0872
    1.6462  106.0661
    1.6499  106.0450
    1.6536  106.0239
    1.6573  106.0028
    1.6609  105.9816
    1.6646  105.9606
    1.6683  105.9396
    1.6720  105.9187
    1.6756  105.8981
    1.6793  105.8776
    1.6830  105.8574
    1.6867  105.8373
    1.6904  105.8176
    1.6940  105.7983
    1.6977  105.7792
    1.7014  105.7605
    1.7051  105.7422
    1.7088  105.7242
    1.7124  105.7068
    1.7161  105.6898
    1.7198  105.6732
    1.7235  105.6571
    1.7271  105.6416
    1.7308  105.6265
    1.7345  105.6120
    1.7382  105.5979
    1.7419  105.5844
    1.7455  105.5715
    1.7492  105.5591
    1.7529  105.5472
    1.7566  105.5358
    1.7602  105.5250
    1.7639  105.5147
    1.7676  105.5049
    1.7713  105.4956
    1.7750  105.4868
    1.7786  105.4784
    1.7823  105.4705
    1.7860  105.4631
    1.7897  105.4560
    1.7933  105.4494
    1.7970  105.4431
    1.8007  105.4371
    1.8044  105.4315
    1.8081  105.4261
 
    0.0000    0.0000
    0.0080    3.1081
    0.0160    6.2134
    0.0240    9.3133
    0.0320   12.4051
    0.0400   15.4859
    0.0480   18.5530
    0.0560   21.6036
    0.0640   24.6624
    0.0720   27.6620
    0.0800   30.6280
    0.0880   33.5841
    0.0960   36.5093
    0.1040   39.4007
    0.1120   42.2555
    0.1200   45.0707
    0.1280   47.8435
    0.1360   50.5711
    0.1440   53.2508
    0.1520   55.8798
    0.1600   58.4558
    0.1680   60.9762
    0.1760   63.4388
    0.1840   65.8415
    0.1920   68.1822
    0.2000   70.4594
    0.2080   72.6713
    0.2160   74.8166
    0.2240   76.8942
    0.2320   78.9033
    0.2400   80.8430
    0.2480   82.7129
    0.2560   84.5128
    0.2640   86.2425
    0.2720   87.9023
    0.2800   89.4925
    0.2880   91.0135
    0.2960   92.4659
    0.3040   93.8506
    0.3120   95.1683
    0.3200   96.4201
    0.3280   97.6070
    0.3360   98.7300
    0.3440   99.7904
    0.3520  100.7892
    0.3600  101.7277
    0.3680  102.6069
    0.3760  103.4280
    0.3840  104.1920
    0.3920  104.9001
    0.4000  105.5533
    0.4080  106.1524
    0.4160  106.6984
    0.4240  107.1921
    0.4320  107.6342
    0.4400  108.0255
    0.4480  108.3666
    0.4560  108.6579
    0.4640  108.8999
    0.4720  109.0931
    0.4800  109.2377
    0.4880  109.3340
    0.4960  109.3821
    0.5040  109.3821
    0.5120  109.3340
    0.5200  109.2377
    0.5280  109.0931
    0.5360  108.8999
    0.5440  108.6579
    0.5520  108.3666
    0.5600  108.0255
    0.5680  107.6342
    0.5760  107.1921
    0.5840  106.6984
    0.5920  106.1524
    0.6000  105.5533
    0.6080  104.9001
    0.6160  104.1920
    0.6240  103.4280
    0.6320  102.6069
    0.6400  101.7277
    0.6480  100.7892
    0.6560   99.7904
    0.6640   98.7300
    0.6720   97.6070
    0.6800   96.4201
    0.6880   95.1683
    0.6960   93.8506
    0.7040   92.4659
    0.7120   91.0135
    0.7200   89.4925
    0.7280   87.9023
    0.7360   86.2425
    0.7440   84.5128
    0.7520   82.7129
    0.7600   80.8430
    0.7680   78.9033
    0.7760   76.8942
    0.7840   74.8166
    0.7920   72.6713
    0.8000   70.4594
    0.8080   68.1822
    0.8160   65.8415
    0.8240   63.4388
    0.8320   60.9762
    0.8400   58.4558
    0.8480   55.8798
    0.8560   53.2508
    0.8640   50.5711
    0.8720   47.8435
    0.8800   45.0707
    0.8880   42.2555
    0.8960   39.4007
    0.9040   36.5093
    0.9120   33.5841
    0.9200   30.6280
    0.9280   27.6620
    0.9360   24.6624
    0.9440   21.6036
    0.9520   18.5530
    0.9600   15.4859
    0.9680   12.4051
    0.9760    9.3133
    0.9840    6.2134
    0.9920    3.1081
    1.0000    0.0000
    1.0064    2.4944
    1.0129    4.9912
    1.0193    7.4813
    1.0257    9.9673
    1.0321   12.4475
    1.0385   14.9246
    1.0450   17.3893
    1.0514   19.8441
    1.0578   22.2874
    1.0642   24.7494
    1.0707   27.1587
    1.0771   29.5427
    1.0835   31.9249
    1.0899   34.2890
    1.0963   36.6329
    1.1028   38.9549
    1.1092   41.2571
    1.1156   43.5309
    1.1220   45.7784
    1.1285   47.9981
    1.1349   50.1920
    1.1413   52.3519
    1.1477   54.4797
    1.1542   56.5774
    1.1606   58.6372
    1.1670   60.6612
    1.1734   62.6480
    1.1798   64.5997
    1.1863   66.5091
    1.1927   68.3783
    1.1991   70.2064
    1.2055   71.9954
    1.2120   73.7389
    1.2184   75.4392
    1.2248   77.0957
    1.2312   78.7104
    1.2376   80.2780
    1.2441   81.8007
    1.2505   83.2806
    1.2569   84.7131
    1.2633   86.1004
    1.2698   87.4426
    1.2762   88.7419
    1.2826   89.9944
    1.2890   91.2024
    1.2954   92.3664
    1.3019   93.4885
    1.3083   94.5655
    1.3147   95.5997
    1.3211   96.5932
    1.3276   97.5434
    1.3340   98.4524
    1.3404   99.3209
    1.3468  100.1507
    1.3533  100.9398
    1.3597  101.6902
    1.3661  102.4023
    1.3725  103.0779
    1.3789  103.7153
    1.3854  104.3163
    1.3918  104.8823
    1.3982  105.4119
    1.4046  105.9065
    1.4111  106.3668
    1.4175  106.7936
    1.4239  107.1862
    1.4303  107.5456
    1.4367  107.8722
    1.4432  108.1666
    1.4496  108.4284
    1.4560  108.6582
    1.4624  108.8566
    1.4689  109.0231
    1.4753  109.1583
    1.4817  109.2622
    1.4881  109.3352
    1.4946  109.3770
    1.5010  109.3878
    1.5074  109.3676
    1.5138  109.3163
    1.5175  109.3162
    1.5212  109.3157
    1.5249  109.3149
    1.5285  109.3137
    1.5322  109.3122
    1.5359  109.3104
    1.5396  109.3083
    1.5432  109.3059
    1.5469  109.3031
    1.5506  109.3000
    1.5543  109.2966
    1.5580  109.2929
    1.5616  109.2888
    1.5653  109.2845
    1.5690  109.2798
    1.5727  109.2749
    1.5763  109.2696
    1.5800  109.2640
    1.5837  109.2582
    1.5874  109.2520
    1.5911  109.2456
    1.5947  109.2389
    1.5984  109.2319
    1.6021  109.2246
    1.6058  109.2171
    1.6094  109.2093
    1.6131  109.2013
    1.6168  109.1930
    1.6205  109.1844
    1.6242  109.1756
    1.6278  109.1666
    1.6315  109.1574
    1.6352  109.1479
    1.6389  109.1383
    1.6425  109.1284
    1.6462  109.1183
    1.6499  109.1080
    1.6536  109.0976
    1.6573  109.0870
    1.6609  109.0762
    1.6646  109.0652
    1.6683  109.0541
    1.6720  109.0428
    1.6756  109.0314
    1.6793  109.0199
    1.6830  109.0082
    1.6867  108.9965
    1.6904  108.9846
    1.6940  108.9727
    1.6977  108.9606
    1.7014  108.9485
    1.7051  108.9363
    1.7088  108.9240
    1.7124  108.9117
    1.7161  108.8993
    1.7198  108.8869
    1.7235  108.8745
    1.7271  108.8620
    1.7308  108.8496
    1.7345  108.8371
    1.7382  108.8246
    1.7419  108.8122
    1.7455  108.7997
    1.7492  108.7873
    1.7529  108.7749
    1.7566  108.7626
    1.7602  108.7503
    1.7639  108.7380
    1.7676  108.7259
    1.7713  108.7138
    1.7750  108.7017
    1.7786  108.6898
    1.7823  108.6779
    1.7860  108.6662
    1.7897  108.6545
    1.7933  108.6429
    1.7970  108.6315
    1.8007  108.6201
    1.8044  108.6090
    1.8081  108.5979
 
    0.0000    0.0000
    0.0080    3.1223
    0.0160    6.2440
    0.0240    9.3577
    0.0320   12.4603
    0.0400   15.5487
    0.0480   18.6214
    0.0560   21.7160
    0.0640   39.6767
    0.0720   44.2356
    0.0800   48.6642
    0.0880   52.9644
    0.0960   57.1352
    0.1040   61.1768
    0.1120   65.0907
    0.1200   68.8793
    0.1280   72.5458
    0.1360   76.0941
    0.1440   79.5282
    0.1520   82.8523
    0.1600   86.0705
    0.1680   89.1868
    0.1760   92.2048
    0.1840   95.1279
    0.1920   97.9591
    0.2000  100.7010
    0.2080  103.3558
    0.2160  105.9254
    0.2240  108.4115
    0.2320  110.8152
    0.2400  113.1376
    0.2480  115.3795
    0.2560  117.5417
    0.2640  119.6247
    0.2720  121.6290
    0.2800  123.5551
    0.2880  125.4037
    0.2960  127.1752
    0.3040  128.8706
    0.3120  130.4906
    0.3200  132.0363
    0.3280  133.5088
    0.3360  134.9094
    0.3440  136.2395
    0.3520  137.5006
    0.3600  138.6940
    0.3680  139.8211
    0.3760  140.8831
    0.3840  141.8812
    0.3920  142.8159
    0.4000  143.6880
    0.4080  144.4974
    0.4160  145.2442
    0.4240  145.9279
    0.4320  146.5478
    0.4400  147.1029
    0.4480  147.5922
    0.4560  148.0145
    0.4640  148.3687
    0.4720  148.6535
    0.4800  148.8681
    0.4880  149.0116
    0.4960  149.0835
    0.5040  149.0835
    0.5120  149.0116
    0.5200  148.8681
    0.5280  148.6535
    0.5360  148.3687
    0.5440  148.0145
    0.5520  147.5922
    0.5600  147.1029
    0.5680  146.5478
    0.5760  145.9279
    0.5840  145.2442
    0.5920  144.4974
    0.6000  143.6880
    0.6080  142.8159
    0.6160  141.8812
    0.6240  140.8831
    0.6320  139.8211
    0.6400  138.6940
    0.6480  137.5006
    0.6560  136.2395
    0.6640  134.9094
    0.6720  133.5088
    0.6800  132.0363
    0.6880  130.4906
    0.6960  128.8706
    0.7040  127.1752
    0.7120  125.4037
    0.7200  123.5551
    0.7280  121.6290
    0.7360  119.6247
    0.7440  117.5417
    0.7520  115.3795
    0.7600  113.1376
    0.7680  110.8152
    0.7760  108.4115
    0.7840  105.9254
    0.7920  103.3558
    0.8000  100.7010
    0.8080   97.9591
    0.8160   95.1279
    0.8240   92.2048
    0.8320   89.1868
    0.8400   86.0705
    0.8480   82.8523
    0.8560   79.5282
    0.8640   76.0941
    0.8720   72.5458
    0.8800   68.8793
    0.8880   65.0907
    0.8960   61.1768
    0.9040   57.1352
    0.9120   52.9644
    0.9200   48.6642
    0.9280   44.2356
    0.9360   39.6767
    0.9440   21.7160
    0.9520   18.6214
    0.9600   15.5487
    0.9680   12.4603
    0.9760    9.3577
    0.9840    6.2440
    0.9920    3.1223
    1.0000    0.0000
    1.0064    2.5049
    1.0129    5.0156
    1.0193    7.5178
    1.0257   10.0141
    1.0321   12.5028
    1.0385   14.9862
    1.0450   17.4555
    1.0514   19.9166
    1.0578   26.3445
    1.0642   39.8098
    1.0707   43.4756
    1.0771   47.0571
    1.0835   50.5614
    1.0899   53.9772
    1.0963   57.3096
    1.1028   60.5588
    1.1092   63.7304
    1.1156   66.8156
    1.1220   69.8211
    1.1285   72.7485
    1.1349   75.6043
    1.1413   78.3817
    1.1477   81.0873
    1.1542   83.7274
    1.1606   86.2959
    1.1670   88.7988
    1.1734   91.2383
    1.1798   93.6195
    1.1863   95.9369
    1.1927   98.1956
    1.1991  100.3969
    1.2055  102.5453
    1.2120  104.6351
    1.2184  106.6706
    1.2248  108.6525
    1.2312  110.5844
    1.2376  112.4609
    1.2441  114.2854
    1.2505  116.0610
    1.2569  117.7826
    1.2633  119.4533
    1.2698  121.0732
    1.2762  122.6451
    1.2826  124.1644
    1.2890  125.6338
    1.2954  127.0537
    1.3019  128.4266
    1.3083  129.7486
    1.3147  131.0225
    1.3211  132.2505
    1.3276  133.4297
    1.3340  134.5625
    1.3404  135.6496
    1.3468  136.6935
    1.3533  137.6915
    1.3597  138.6461
    1.3661  139.5580
    1.3725  140.4291
    1.3789  141.2573
    1.3854  142.0445
    1.3918  142.7922
    1.3982  143.4983
    1.4046  144.1641
    1.4111  144.7896
    1.4175  145.3755
    1.4239  145.9198
    1.4303  146.4229
    1.4367  146.8846
    1.4432  147.3047
    1.4496  147.6815
    1.4560  148.0150
    1.4624  148.3050
    1.4689  148.5500
    1.4753  148.7500
    1.4817  148.9046
    1.4881  149.0134
    1.4946  149.0758
    1.5010  149.0920
    1.5074  149.0618
    1.5138  148.9853
    1.5175  148.9738
    1.5212  148.9393
    1.5249  148.8819
    1.5285  148.8012
    1.5322  148.6971
    1.5359  148.5693
    1.5396  148.4175
    1.5432  148.2421
    1.5469  148.0417
    1.5506  147.8165
    1.5543  147.5664
    1.5580  147.2910
    1.5616  146.9913
    1.5653  146.6655
    1.5690  146.3144
    1.5727  145.9383
    1.5763  145.5375
    1.5800  145.1136
    1.5837  144.6648
    1.5874  144.1929
    1.5911  143.6988
    1.5947  143.1835
    1.5984  142.6494
    1.6021  142.0947
    1.6058  141.5222
    1.6094  140.9331
    1.6131  140.3289
    1.6168  139.7125
    1.6205  139.0821
    1.6242  138.4407
    1.6278  137.7899
    1.6315  137.1309
    1.6352  136.4671
    1.6389  135.7962
    1.6425  135.1213
    1.6462  134.4436
    1.6499  133.7645
    1.6536  133.0868
    1.6573  132.4081
    1.6609  131.7311
    1.6646  131.0570
    1.6683  130.3865
    1.6720  129.7206
    1.6756  129.0618
    1.6793  128.4072
    1.6830  127.7594
    1.6867  127.1189
    1.6904  126.4863
    1.6940  125.8639
    1.6977  125.2486
    1.7014  124.6425
    1.7051  124.0462
    1.7088  123.4598
    1.7124  122.8852
    1.7161  122.3196
    1.7198  121.7647
    1.7235  121.2207
    1.7271  120.6878
    1.7308  120.1675
    1.7345  119.6571
    1.7382  119.1581
    1.7419  118.6706
    1.7455  118.1945
    1.7492  117.7312
    1.7529  117.2782
    1.7566  116.8367
    1.7602  116.4067
    1.7639  115.9881
    1.7676  115.5820
    1.7713  115.1862
    1.7750  114.8016
    1.7786  114.4282
    1.7823  114.0660
    1.7860  113.7156
    1.7897  113.3753
    1.7933  113.0457
    1.7970  112.7269
    1.8007  112.4186
    1.8044  112.1216
    1.8081  111.8340
 
    0.0000    0.0000
    0.0080    5.1511
    0.0160   10.2810
    0.0240   15.3733
    0.0320   20.4100
    0.0400   25.3752
    0.0480   30.2556
    0.0560   35.0611
    0.0640   87.6488
    0.0720  127.6258
    0.0800  151.8118
    0.0880  165.2185
    0.0960  171.5382
    0.1040  172.3755
    0.1120  172.8321
    0.1200  173.2742
    0.1280  173.7288
    0.1360  174.2014
    0.1440  174.6931
    0.1520  175.2034
    0.1600  175.7313
    0.1680  176.2752
    0.1760  176.8335
    0.1840  177.4042
    0.1920  177.9853
    0.2000  178.5746
    0.2080  179.1699
    0.2160  179.7689
    0.2240  180.3691
    0.2320  180.9683
    0.2400  181.5641
    0.2480  182.1543
    0.2560  182.7366
    0.2640  183.3091
    0.2720  183.8697
    0.2800  184.4168
    0.2880  184.9486
    0.2960  185.4637
    0.3040  185.9610
    0.3120  186.4392
    0.3200  186.8977
    0.3280  187.3356
    0.3360  187.7524
    0.3440  188.1479
    0.3520  188.5217
    0.3600  188.8739
    0.3680  189.2043
    0.3760  189.5131
    0.3840  189.8006
    0.3920  190.0669
    0.4000  190.3123
    0.4080  190.5371
    0.4160  190.7416
    0.4240  190.9263
    0.4320  191.0914
    0.4400  191.2372
    0.4480  191.3641
    0.4560  191.4723
    0.4640  191.5621
    0.4720  191.6336
    0.4800  191.6871
    0.4880  191.7227
    0.4960  191.7405
    0.5040  191.7405
    0.5120  191.7227
    0.5200  191.6871
    0.5280  191.6336
    0.5360  191.5621
    0.5440  191.4723
    0.5520  191.3641
    0.5600  191.2372
    0.5680  191.0914
    0.5760  190.9263
    0.5840  190.7416
    0.5920  190.5371
    0.6000  190.3123
    0.6080  190.0669
    0.6160  189.8006
    0.6240  189.5131
    0.6320  189.2043
    0.6400  188.8739
    0.6480  188.5217
    0.6560  188.1479
    0.6640  187.7524
    0.6720  187.3356
    0.6800  186.8977
    0.6880  186.4392
    0.6960  185.9610
    0.7040  185.4637
    0.7120  184.9486
    0.7200  184.4168
    0.7280  183.8697
    0.7360  183.3091
    0.7440  182.7366
    0.7520  182.1543
    0.7600  181.5641
    0.7680  180.9683
    0.7760  180.3691
    0.7840  179.7689
    0.7920  179.1699
    0.8000  178.5746
    0.8080  177.9853
    0.8160  177.4042
    0.8240  176.8335
    0.8320  176.2752
    0.8400  175.7313
    0.8480  175.2034
    0.8560  174.6931
    0.8640  174.2014
    0.8720  173.7288
    0.8800  173.2742
    0.8880  172.8321
    0.8960  172.3755
    0.9040  171.5382
    0.9120  165.2185
    0.9200  151.8118
    0.9280  127.6258
    0.9360   87.6488
    0.9440   35.0611
    0.9520   30.2556
    0.9600   25.3752
    0.9680   20.4100
    0.9760   15.3733
    0.9840   10.2810
    0.9920    5.1511
    1.0000    0.0000
    1.0064    4.1352
    1.0129    8.2645
    1.0193   12.3681
    1.0257   16.4425
    1.0321   20.4788
    1.0385   24.4750
    1.0450   28.4116
    1.0514   32.2908
    1.0578   36.2340
    1.0642   89.1137
    1.0707  122.1639
    1.0771  144.4587
    1.0835  158.7016
    1.0899  167.3806
    1.0963  171.6175
    1.1028  172.2965
    1.1092  172.6765
    1.1156  173.0308
    1.1220  173.3880
    1.1285  173.7549
    1.1349  174.1341
    1.1413  174.5251
    1.1477  174.9282
    1.1542  175.3436
    1.1606  175.7695
    1.1670  176.2057
    1.1734  176.6513
    1.1798  177.1060
    1.1863  177.5674
    1.1927  178.0351
    1.1991  178.5080
    1.2055  178.9856
    1.2120  179.4653
    1.2184  179.9467
    1.2248  180.4284
    1.2312  180.9100
    1.2376  181.3888
    1.2441  181.8645
    1.2505  182.3365
    1.2569  182.8023
    1.2633  183.2616
    1.2698  183.7134
    1.2762  184.1574
    1.2826  184.5914
    1.2890  185.0152
    1.2954  185.4282
    1.3019  185.8304
    1.3083  186.2198
    1.3147  186.5968
    1.3211  186.9613
    1.3276  187.3120
    1.3340  187.6492
    1.3404  187.9726
    1.3468  188.2826
    1.3533  188.5782
    1.3597  188.8598
    1.3661  189.1274
    1.3725  189.3814
    1.3789  189.6213
    1.3854  189.8473
    1.3918  190.0601
    1.3982  190.2591
    1.4046  190.4449
    1.4111  190.6174
    1.4175  190.7773
    1.4239  190.9241
    1.4303  191.0583
    1.4367  191.1801
    1.4432  191.2898
    1.4496  191.3871
    1.4560  191.4724
    1.4624  191.5460
    1.4689  191.6077
    1.4753  191.6577
    1.4817  191.6962
    1.4881  191.7231
    1.4946  191.7386
    1.5010  191.7426
    1.5074  191.7351
    1.5138  191.7162
    1.5175  191.7103
    1.5212  191.6927
    1.5249  191.6640
    1.5285  191.6249
    1.5322  191.5766
    1.5359  191.5206
    1.5396  191.4584
    1.5432  191.3921
    1.5469  191.3235
    1.5506  191.2549
    1.5543  191.1885
    1.5580  191.1268
    1.5616  191.0721
    1.5653  191.0265
    1.5690  190.9922
    1.5727  190.9715
    1.5763  190.9662
    1.5800  190.9782
    1.5837  191.0090
    1.5874  191.0601
    1.5911  191.1327
    1.5947  191.2278
    1.5984  191.3458
    1.6021  191.4881
    1.6058  191.6546
    1.6094  191.8458
    1.6131  192.0616
    1.6168  192.3013
    1.6205  192.5660
    1.6242  192.8548
    1.6278  193.1672
    1.6315  193.5028
    1.6352  193.8599
    1.6389  194.2398
    1.6425  194.6410
    1.6462  195.0626
    1.6499  195.5040
    1.6536  195.9631
    1.6573  196.4415
    1.6609  196.9373
    1.6646  197.4497
    1.6683  197.9778
    1.6720  198.5208
    1.6756  199.0765
    1.6793  199.6471
    1.6830  200.2304
    1.6867  200.8255
    1.6904  201.4319
    1.6940  202.0470
    1.6977  202.6735
    1.7014  203.3091
    1.7051  203.9532
    1.7088  204.6050
    1.7124  205.2623
    1.7161  205.9278
    1.7198  206.5994
    1.7235  207.2764
    1.7271  207.9582
    1.7308  208.6425
    1.7345  209.3324
    1.7382  210.0256
    1.7419  210.7216
    1.7455  211.4198
    1.7492  212.1179
    1.7529  212.8192
    1.7566  213.5212
    1.7602  214.2235
    1.7639  214.9256
    1.7676  215.6250
    1.7713  216.3250
    1.7750  217.0230
    1.7786  217.7185
    1.7823  218.4104
    1.7860  219.0962
    1.7897  219.7782
    1.7933  220.4530
    1.7970  221.1184
    1.8007  221.7710
    1.8044  222.4037
    1.8081  223.0108
 
    0.0000  170.0156
    0.0080  170.0310
    0.0160  170.0772
    0.0240  170.1542
    0.0320  170.2622
    0.0400  170.4012
    0.0480  170.5714
    0.0560  170.7733
    0.0640  171.0079
    0.0720  171.2783
    0.0800  171.5948
    0.0880  172.0157
    0.0960  173.8657
    0.1040  176.7697
    0.1120  177.0788
    0.1200  177.4109
    0.1280  177.7659
    0.1360  178.1437
    0.1440  178.5440
    0.1520  178.9663
    0.1600  179.4104
    0.1680  179.8755
    0.1760  180.3612
    0.1840  180.8665
    0.1920  181.3906
    0.2000  181.9324
    0.2080  182.4907
    0.2160  183.0642
    0.2240  183.6515
    0.2320  184.2509
    0.2400  184.8607
    0.2480  185.4791
    0.2560  186.1042
    0.2640  186.7338
    0.2720  187.3660
    0.2800  187.9985
    0.2880  188.6291
    0.2960  189.2558
    0.3040  189.8762
    0.3120  190.4882
    0.3200  191.0896
    0.3280  191.6785
    0.3360  192.2527
    0.3440  192.8104
    0.3520  193.3499
    0.3600  193.8693
    0.3680  194.3672
    0.3760  194.8421
    0.3840  195.2927
    0.3920  195.7177
    0.4000  196.1162
    0.4080  196.4871
    0.4160  196.8296
    0.4240  197.1430
    0.4320  197.4266
    0.4400  197.6799
    0.4480  197.9024
    0.4560  198.0938
    0.4640  198.2537
    0.4720  198.3819
    0.4800  198.4783
    0.4880  198.5426
    0.4960  198.5747
    0.5040  198.5747
    0.5120  198.5426
    0.5200  198.4783
    0.5280  198.3819
    0.5360  198.2537
    0.5440  198.0938
    0.5520  197.9024
    0.5600  197.6799
    0.5680  197.4266
    0.5760  197.1430
    0.5840  196.8296
    0.5920  196.4871
    0.6000  196.1162
    0.6080  195.7177
    0.6160  195.2927
    0.6240  194.8421
    0.6320  194.3672
    0.6400  193.8693
    0.6480  193.3499
    0.6560  192.8104
    0.6640  192.2527
    0.6720  191.6785
    0.6800  191.0896
    0.6880  190.4882
    0.6960  189.8762
    0.7040  189.2558
    0.7120  188.6291
    0.7200  187.9985
    0.7280  187.3660
    0.7360  186.7338
    0.7440  186.1042
    0.7520  185.4791
    0.7600  184.8607
    0.7680  184.2509
    0.7760  183.6515
    0.7840  183.0642
    0.7920  182.4907
    0.8000  181.9324
    0.8080  181.3906
    0.8160  180.8665
    0.8240  180.3612
    0.8320  179.8755
    0.8400  179.4104
    0.8480  178.9663
    0.8560  178.5440
    0.8640  178.1437
    0.8720  177.7659
    0.8800  177.4109
    0.8880  177.0788
    0.8960  176.7697
    0.9040  173.8657
    0.9120  172.0157
    0.9200  171.5948
    0.9280  171.2783
    0.9360  171.0079
    0.9440  170.7733
    0.9520  170.5714
    0.9600  170.4012
    0.9680  170.2622
    0.9760  170.1542
    0.9840  170.0772
    0.9920  170.0310
    1.0000  170.0156
    1.0064  170.0255
    1.0129  170.0553
    1.0193  170.1049
    1.0257  170.1745
    1.0321  170.2639
    1.0385  170.3735
    1.0450  170.5030
    1.0514  170.6528
    1.0578  170.8231
    1.0642  171.0151
    1.0707  171.2299
    1.0771  171.4721
    1.0835  171.7569
    1.0899  172.1696
    1.0963  174.0646
    1.1028  176.7238
    1.1092  176.9676
    1.1156  177.2258
    1.1220  177.4988
    1.1285  177.7866
    1.1349  178.0895
    1.1413  178.4064
    1.1477  178.7376
    1.1542  179.0836
    1.1606  179.4428
    1.1670  179.8157
    1.1734  180.2018
    1.1798  180.6013
    1.1863  181.0127
    1.1927  181.4360
    1.1991  181.8706
    1.2055  182.3166
    1.2120  182.7721
    1.2184  183.2369
    1.2248  183.7102
    1.2312  184.1920
    1.2376  184.6798
    1.2441  185.1736
    1.2505  185.6730
    1.2569  186.1756
    1.2633  186.6809
    1.2698  187.1880
    1.2762  187.6965
    1.2826  188.2037
    1.2890  188.7093
    1.2954  189.2121
    1.3019  189.7117
    1.3083  190.2055
    1.3147  190.6932
    1.3211  191.1743
    1.3276  191.6464
    1.3340  192.1092
    1.3404  192.5616
    1.3468  193.0034
    1.3533  193.4324
    1.3597  193.8483
    1.3661  194.2504
    1.3725  194.6385
    1.3789  195.0106
    1.3854  195.3668
    1.3918  195.7069
    1.3982  196.0294
    1.4046  196.3343
    1.4111  196.6211
    1.4175  196.8898
    1.4239  197.1392
    1.4303  197.3695
    1.4367  197.5803
    1.4432  197.7718
    1.4496  197.9429
    1.4560  198.0940
    1.4624  198.2250
    1.4689  198.3354
    1.4753  198.4253
    1.4817  198.4946
    1.4881  198.5433
    1.4946  198.5713
    1.5010  198.5785
    1.5074  198.5650
    1.5138  198.5308
    1.5175  198.5430
    1.5212  198.5796
    1.5249  198.6405
    1.5285  198.7259
    1.5322  198.8357
    1.5359  198.9698
    1.5396  199.1282
    1.5432  199.3103
    1.5469  199.5170
    1.5506  199.7478
    1.5543  200.0027
    1.5580  200.2814
    1.5616  200.5830
    1.5653  200.9092
    1.5690  201.2589
    1.5727  201.6321
    1.5763  202.0286
    1.5800  202.4471
    1.5837  202.8897
    1.5874  203.3551
    1.5911  203.8432
    1.5947  204.3537
    1.5984  204.8851
    1.6021  205.4399
    1.6058  206.0165
    1.6094  206.6148
    1.6131  207.2344
    1.6168  207.8734
    1.6205  208.5350
    1.6242  209.2173
    1.6278  209.9198
    1.6315  210.6424
    1.6352  211.3827
    1.6389  212.1445
    1.6425  212.9254
    1.6462  213.7251
    1.6499  214.5433
    1.6536  215.3773
    1.6573  216.2315
    1.6609  217.1031
    1.6646  217.9918
    1.6683  218.8972
    1.6720  219.8190
    1.6756  220.7542
    1.6793  221.7075
    1.6830  222.6761
    1.6867  223.6594
    1.6904  224.6572
    1.6940  225.6662
    1.6977  226.6915
    1.7014  227.7300
    1.7051  228.7813
    1.7088  229.8450
    1.7124  230.9177
    1.7161  232.0047
    1.7198  233.1029
    1.7235  234.2117
    1.7271  235.3308
    1.7308  236.4566
    1.7345  237.5948
    1.7382  238.7420
    1.7419  239.8978
    1.7455  241.0616
    1.7492  240.8001
    1.7529  240.0507
    1.7566  239.3030
    1.7602  238.5573
    1.7639  237.8141
    1.7676  237.0756
    1.7713  236.3385
    1.7750  235.6051
    1.7786  234.8762
    1.7823  234.1525
    1.7860  233.4367
    1.7897  232.7262
    1.7933  232.0244
    1.7970  231.3335
    1.8007  230.6569
    1.8044  230.0017
    1.8081  229.3734
 
    0.0000  174.8451
    0.0080  174.8564
    0.0160  174.8903
    0.0240  174.9469
    0.0320  175.0262
    0.0400  175.1282
    0.0480  175.2529
    0.0560  175.4005
    0.0640  175.5711
    0.0720  175.7646
    0.0800  175.9812
    0.0880  176.2209
    0.0960  176.4837
    0.1040  178.7162
    0.1120  182.8320
    0.1200  186.4142
    0.1280  189.6898
    0.1360  192.7758
    0.1440  195.7334
    0.1520  198.5955
    0.1600  201.3799
    0.1680  204.0965
    0.1760  206.7505
    0.1840  209.3449
    0.1920  211.8817
    0.2000  214.3622
    0.2080  216.7879
    0.2160  219.1603
    0.2240  221.4813
    0.2320  223.7530
    0.2400  225.9782
    0.2480  228.1595
    0.2560  230.3001
    0.2640  232.4032
    0.2720  234.4721
    0.2800  236.5098
    0.2880  238.5194
    0.2960  240.5033
    0.3040  242.4636
    0.3120  244.4017
    0.3200  246.3181
    0.3280  248.2125
    0.3360  250.0832
    0.3440  251.9278
    0.3520  253.7423
    0.3600  255.5218
    0.3680  257.2603
    0.3760  258.9507
    0.3840  260.5850
    0.3920  262.1550
    0.4000  263.6520
    0.4080  265.0673
    0.4160  266.3927
    0.4240  267.6201
    0.4320  268.7426
    0.4400  269.7538
    0.4480  270.6486
    0.4560  271.4224
    0.4640  272.0718
    0.4720  272.5941
    0.4800  272.9874
    0.4880  273.2503
    0.4960  273.3819
    0.5040  273.3819
    0.5120  273.2503
    0.5200  272.9874
    0.5280  272.5941
    0.5360  272.0718
    0.5440  271.4224
    0.5520  270.6486
    0.5600  269.7538
    0.5680  268.7426
    0.5760  267.6201
    0.5840  266.3927
    0.5920  265.0673
    0.6000  263.6520
    0.6080  262.1550
    0.6160  260.5850
    0.6240  258.9507
    0.6320  257.2603
    0.6400  255.5218
    0.6480  253.7423
    0.6560  251.9278
    0.6640  250.0832
    0.6720  248.2125
    0.6800  246.3181
    0.6880  244.4017
    0.6960  242.4636
    0.7040  240.5033
    0.7120  238.5194
    0.7200  236.5098
    0.7280  234.4721
    0.7360  232.4032
    0.7440  230.3001
    0.7520  228.1595
    0.7600  225.9782
    0.7680  223.7530
    0.7760  221.4813
    0.7840  219.1603
    0.7920  216.7879
    0.8000  214.3622
    0.8080  211.8817
    0.8160  209.3449
    0.8240  206.7505
    0.8320  204.0965
    0.8400  201.3799
    0.8480  198.5955
    0.8560  195.7334
    0.8640  192.7758
    0.8720  189.6898
    0.8800  186.4142
    0.8880  182.8320
    0.8960  178.7162
    0.9040  176.4837
    0.9120  176.2209
    0.9200  175.9812
    0.9280  175.7646
    0.9360  175.5711
    0.9440  175.4005
    0.9520  175.2529
    0.9600  175.1282
    0.9680  175.0262
    0.9760  174.9469
    0.9840  174.8903
    0.9920  174.8564
    1.0000  174.8451
    1.0064  174.8524
    1.0129  174.8743
    1.0193  174.9107
    1.0257  174.9618
    1.0321  175.0274
    1.0385  175.1078
    1.0450  175.2028
    1.0514  175.3125
    1.0578  175.4369
    1.0642  175.5763
    1.0707  175.7303
    1.0771  175.8992
    1.0835  176.0832
    1.0899  176.2818
    1.0963  176.4954
    1.1028  178.0081
    1.1092  181.4635
    1.1156  184.4975
    1.1220  187.2684
    1.1285  189.8677
    1.1349  192.3525
    1.1413  194.7471
    1.1477  197.0748
    1.1542  199.3509
    1.1606  201.5756
    1.1670  203.7570
    1.1734  205.8979
    1.1798  208.0031
    1.1863  210.0673
    1.1927  212.0947
    1.1991  214.0860
    1.2055  216.0448
    1.2120  217.9658
    1.2184  219.8532
    1.2248  221.7078
    1.2312  223.5336
    1.2376  225.3264
    1.2441  227.0905
    1.2505  228.8300
    1.2569  230.5412
    1.2633  232.2284
    1.2698  233.8935
    1.2762  235.5405
    1.2826  237.1659
    1.2890  238.7737
    1.2954  240.3652
    1.3019  241.9439
    1.3083  243.5056
    1.3147  245.0533
    1.3211  246.5895
    1.3276  248.1089
    1.3340  249.6132
    1.3404  251.1012
    1.3468  252.5733
    1.3533  254.0228
    1.3597  255.4492
    1.3661  256.8494
    1.3725  258.2218
    1.3789  259.5582
    1.3854  260.8567
    1.3918  262.1147
    1.3982  263.3239
    1.4046  264.4816
    1.4111  265.5837
    1.4175  266.6273
    1.4239  267.6054
    1.4303  268.5159
    1.4367  269.3555
    1.4432  270.1226
    1.4496  270.8121
    1.4560  271.4232
    1.4624  271.9550
    1.4689  272.4044
    1.4753  272.7710
    1.4817  273.0542
    1.4881  273.2535
    1.4946  273.3678
    1.5010  273.3974
    1.5074  273.3422
    1.5138  273.2020
    1.5175  273.1925
    1.5212  273.1639
    1.5249  273.1165
    1.5285  273.0498
    1.5322  272.9641
    1.5359  272.8591
    1.5396  272.7349
    1.5432  272.5918
    1.5469  272.4289
    1.5506  272.2466
    1.5543  272.0448
    1.5580  271.8233
    1.5616  271.5829
    1.5653  271.3222
    1.5690  271.0419
    1.5727  270.7418
    1.5763  270.4222
    1.5800  270.0839
    1.5837  269.7254
    1.5874  269.3476
    1.5911  268.9507
    1.5947  268.5351
    1.5984  268.1021
    1.6021  267.6498
    1.6058  267.1797
    1.6094  266.6923
    1.6131  266.1879
    1.6168  265.6686
    1.6205  265.1320
    1.6242  264.5801
    1.6278  264.0135
    1.6315  263.4327
    1.6352  262.8401
    1.6389  262.2330
    1.6425  261.6137
    1.6462  260.9827
    1.6499  260.3408
    1.6536  259.6902
    1.6573  259.0282
    1.6609  258.3570
    1.6646  257.6773
    1.6683  256.9896
    1.6720  256.2945
    1.6756  255.5943
    1.6793  254.8860
    1.6830  254.1717
    1.6867  253.4521
    1.6904  252.7275
    1.6940  252.0005
    1.6977  251.2675
    1.7014  250.5308
    1.7051  249.7910
    1.7088  249.0483
    1.7124  248.3052
    1.7161  247.5580
    1.7198  246.8090
    1.7235  246.0587
    1.7271  245.3074
    1.7308  244.5573
    1.7345  243.8049
    1.7382  243.0524
    1.7419  242.3002
    1.7455  241.5486
    1.7492  242.2299
    1.7529  243.4087
    1.7566  244.5943
    1.7602  245.7863
    1.7639  246.9844
    1.7676  248.1847
    1.7713  249.3935
    1.7750  250.6070
    1.7786  251.8249
    1.7823  253.0467
    1.7860  254.2687
    1.7897  255.4972
    1.7933  256.7284
    1.7970  257.9620
    1.8007  259.1975
    1.8044  260.4311
    1.8081  261.6693
 
    0.0000  174.8451
    0.0080  175.0299
    0.0160  175.5909
    0.0240  176.5498
    0.0320  177.9523
    0.0400  179.8874
    0.0480  182.5332
    0.0560  186.2656
    0.0640  191.9280
    0.0720  201.3514
    0.0800  217.0505
    0.0880  238.6055
    0.0960  261.6896
    0.1040  277.7960
    0.1120  280.4065
    0.1200  281.1190
    0.1280  281.6716
    0.1360  282.1896
    0.1440  282.7001
    0.1520  283.2126
    0.1600  283.7320
    0.1680  284.2614
    0.1760  284.8034
    0.1840  285.3600
    0.1920  285.9328
    0.2000  286.5230
    0.2080  287.1309
    0.2160  287.7561
    0.2240  288.3971
    0.2320  289.0499
    0.2400  289.7070
    0.2480  290.3533
    0.2560  290.9627
    0.2640  291.5051
    0.2720  291.9729
    0.2800  292.3866
    0.2880  292.7690
    0.2960  293.1337
    0.3040  293.4873
    0.3120  293.8327
    0.3200  294.1709
    0.3280  294.5021
    0.3360  294.8259
    0.3440  295.1416
    0.3520  295.4483
    0.3600  295.7451
    0.3680  296.0309
    0.3760  296.3047
    0.3840  296.5655
    0.3920  296.8123
    0.4000  297.0441
    0.4080  297.2602
    0.4160  297.4597
    0.4240  297.6420
    0.4320  297.8067
    0.4400  297.9533
    0.4480  298.0817
    0.4560  298.1916
    0.4640  298.2830
    0.4720  298.3560
    0.4800  298.4107
    0.4880  298.4470
    0.4960  298.4652
    0.5040  298.4652
    0.5120  298.4470
    0.5200  298.4107
    0.5280  298.3560
    0.5360  298.2830
    0.5440  298.1916
    0.5520  298.0817
    0.5600  297.9533
    0.5680  297.8067
    0.5760  297.6420
    0.5840  297.4597
    0.5920  297.2602
    0.6000  297.0441
    0.6080  296.8123
    0.6160  296.5655
    0.6240  296.3047
    0.6320  296.0309
    0.6400  295.7451
    0.6480  295.4483
    0.6560  295.1416
    0.6640  294.8259
    0.6720  294.5021
    0.6800  294.1709
    0.6880  293.8327
    0.6960  293.4873
    0.7040  293.1337
    0.7120  292.7690
    0.7200  292.3866
    0.7280  291.9729
    0.7360  291.5051
    0.7440  290.9627
    0.7520  290.3533
    0.7600  289.7070
    0.7680  289.0499
    0.7760  288.3971
    0.7840  287.7561
    0.7920  287.1309
    0.8000  286.5230
    0.8080  285.9328
    0.8160  285.3600
    0.8240  284.8034
    0.8320  284.2614
    0.8400  283.7320
    0.8480  283.2126
    0.8560  282.7001
    0.8640  282.1896
    0.8720  281.6716
    0.8800  281.1190
    0.8880  280.4065
    0.8960  277.7960
    0.9040  261.6896
    0.9120  238.6055
    0.9200  217.0505
    0.9280  201.3514
    0.9360  191.9280
    0.9440  186.2656
    0.9520  182.5332
    0.9600  179.8874
    0.9680  177.9523
    0.9760  176.5498
    0.9840  175.5909
    0.9920  175.0299
    1.0000  174.8451
    1.0064  174.9640
    1.0129  175.3242
    1.0193  175.9329
    1.0257  176.8070
    1.0321  177.9750
    1.0385  179.4882
    1.0450  181.4265
    1.0514  183.9440
    1.0578  187.3261
    1.0642  192.1344
    1.0707  199.3811
    1.0771  210.4838
    1.0835  225.9680
    1.0899  244.2047
    1.0963  262.6144
    1.1028  276.4351
    1.1092  279.9979
    1.1156  280.7689
    1.1220  281.2658
    1.1285  281.7013
    1.1349  282.1179
    1.1413  282.5279
    1.1477  282.9378
    1.1542  283.3514
    1.1606  283.7693
    1.1670  284.1939
    1.1734  284.6264
    1.1798  285.0687
    1.1863  285.5201
    1.1927  285.9823
    1.1991  286.4557
    1.2055  286.9413
    1.2120  287.4375
    1.2184  287.9445
    1.2248  288.4611
    1.2312  288.9859
    1.2376  289.5134
    1.2441  290.0377
    1.2505  290.5484
    1.2569  291.0283
    1.2633  291.4627
    1.2698  291.8479
    1.2762  292.1941
    1.2826  292.5134
    1.2890  292.8163
    1.2954  293.1086
    1.3019  293.3941
    1.3083  293.6734
    1.3147  293.9480
    1.3211  294.2185
    1.3276  294.4841
    1.3340  294.7449
    1.3404  295.0006
    1.3468  295.2511
    1.3533  295.4953
    1.3597  295.7330
    1.3661  295.9637
    1.3725  296.1871
    1.3789  296.4021
    1.3854  296.6085
    1.3918  296.8060
    1.3982  296.9936
    1.4046  297.1711
    1.4111  297.3382
    1.4175  297.4947
    1.4239  297.6398
    1.4303  297.7736
    1.4367  297.8958
    1.4432  298.0064
    1.4496  298.1050
    1.4560  298.1917
    1.4624  298.2666
    1.4689  298.3296
    1.4753  298.3806
    1.4817  298.4199
    1.4881  298.4475
    1.4946  298.4633
    1.5010  298.4673
    1.5074  298.4597
    1.5138  298.4404
    1.5175  298.4691
    1.5212  298.5550
    1.5249  298.6972
    1.5285  298.8957
    1.5322  299.1492
    1.5359  299.4563
    1.5396  299.8155
    1.5432  300.2237
    1.5469  300.6812
    1.5506  301.1846
    1.5543  301.7315
    1.5580  302.3189
    1.5616  302.9403
    1.5653  303.5726
    1.5690  303.4573
    1.5727  302.9074
    1.5763  302.3500
    1.5800  301.7975
    1.5837  301.2500
    1.5874  300.7106
    1.5911  300.1808
    1.5947  299.6614
    1.5984  299.1547
    1.6021  298.6584
    1.6058  298.1744
    1.6094  297.7030
    1.6131  297.2444
    1.6168  296.7997
    1.6205  296.3667
    1.6242  295.9463
    1.6278  295.5384
    1.6315  295.1428
    1.6352  294.7602
    1.6389  294.3882
    1.6425  294.0275
    1.6462  293.6777
    1.6499  293.3384
    1.6536  293.0101
    1.6573  292.6906
    1.6609  292.3804
    1.6646  292.0789
    1.6683  291.7859
    1.6720  291.5009
    1.6756  291.2241
    1.6793  290.9538
    1.6830  290.6903
    1.6867  290.4332
    1.6904  290.1822
    1.6940  289.9376
    1.6977  289.6977
    1.7014  289.4629
    1.7051  289.2328
    1.7088  289.0073
    1.7124  288.7867
    1.7161  288.5694
    1.7198  288.3559
    1.7235  288.1459
    1.7271  287.9392
    1.7308  287.7362
    1.7345  287.5356
    1.7382  287.3378
    1.7419  287.1425
    1.7455  286.9497
    1.7492  286.7597
    1.7529  286.5714
    1.7566  286.3852
    1.7602  286.2009
    1.7639  286.0185
    1.7676  285.8384
    1.7713  285.6594
    1.7750  285.4821
    1.7786  285.3063
    1.7823  285.1320
    1.7860  284.9597
    1.7897  284.7883
    1.7933  284.6183
    1.7970  284.4496
    1.8007  284.2823
    1.8044  284.1168
    1.8081  283.9521
 
    0.0000  277.4262
    0.0080  277.4478
    0.0160  277.5124
    0.0240  277.6197
    0.0320  277.7689
    0.0400  277.9594
    0.0480  278.1900
    0.0560  278.4600
    0.0640  278.7691
    0.0720  279.1184
    0.0800  279.5142
    0.0880  279.9791
    0.0960  280.6257
    0.1040  281.9029
    0.1120  282.5914
    0.1200  283.3232
    0.1280  284.0965
    0.1360  284.9100
    0.1440  285.7619
    0.1520  286.6506
    0.1600  287.5743
    0.1680  288.5312
    0.1760  288.8686
    0.1840  289.1257
    0.1920  289.3907
    0.2000  289.6650
    0.2080  289.9500
    0.2160  290.2473
    0.2240  290.5589
    0.2320  290.8884
    0.2400  291.2426
    0.2480  291.6352
    0.2560  292.0903
    0.2640  292.6359
    0.2720  293.2767
    0.2800  293.9890
    0.2880  294.7465
    0.2960  295.5318
    0.3040  296.3344
    0.3120  297.1469
    0.3200  297.9639
    0.3280  298.7805
    0.3360  299.5925
    0.3440  300.3958
    0.3520  301.1864
    0.3600  301.9605
    0.3680  302.7145
    0.3760  303.4448
    0.3840  304.1479
    0.3920  304.8204
    0.4000  305.4592
    0.4080  306.0612
    0.4160  306.6237
    0.4240  307.1439
    0.4320  307.6193
    0.4400  308.0478
    0.4480  308.4272
    0.4560  308.7558
    0.4640  309.0321
    0.4720  309.2547
    0.4800  309.4226
    0.4880  309.5349
    0.4960  309.5912
    0.5040  309.5912
    0.5120  309.5349
    0.5200  309.4226
    0.5280  309.2547
    0.5360  309.0321
    0.5440  308.7558
    0.5520  308.4272
    0.5600  308.0478
    0.5680  307.6193
    0.5760  307.1439
    0.5840  306.6237
    0.5920  306.0612
    0.6000  305.4592
    0.6080  304.8204
    0.6160  304.1479
    0.6240  303.4448
    0.6320  302.7145
    0.6400  301.9605
    0.6480  301.1864
    0.6560  300.3958
    0.6640  299.5925
    0.6720  298.7805
    0.6800  297.9639
    0.6880  297.1469
    0.6960  296.3344
    0.7040  295.5318
    0.7120  294.7465
    0.7200  293.9890
    0.7280  293.2767
    0.7360  292.6359
    0.7440  292.0903
    0.7520  291.6352
    0.7600  291.2426
    0.7680  290.8884
    0.7760  290.5589
    0.7840  290.2473
    0.7920  289.9500
    0.8000  289.6650
    0.8080  289.3907
    0.8160  289.1257
    0.8240  288.8686
    0.8320  288.5312
    0.8400  287.5743
    0.8480  286.6506
    0.8560  285.7619
    0.8640  284.9100
    0.8720  284.0965
    0.8800  283.3232
    0.8880  282.5914
    0.8960  281.9029
    0.9040  280.6257
    0.9120  279.9791
    0.9200  279.5142
    0.9280  279.1184
    0.9360  278.7691
    0.9440  278.4600
    0.9520  278.1900
    0.9600  277.9594
    0.9680  277.7689
    0.9760  277.6197
    0.9840  277.5124
    0.9920  277.4478
    1.0000  277.4262
    1.0064  277.4401
    1.0129  277.4819
    1.0193  277.5511
    1.0257  277.6477
    1.0321  277.7713
    1.0385  277.9216
    1.0450  278.0977
    1.0514  278.2993
    1.0578  278.5261
    1.0642  278.7785
    1.0707  279.0565
    1.0771  279.3630
    1.0835  279.7064
    1.0899  280.1085
    1.0963  280.6635
    1.1028  281.8002
    1.1092  282.3446
    1.1156  282.9164
    1.1220  283.5155
    1.1285  284.1412
    1.1349  284.7938
    1.1413  285.4702
    1.1477  286.1707
    1.1542  286.8954
    1.1606  287.6414
    1.1670  288.4086
    1.1734  288.7867
    1.1798  288.9912
    1.1863  289.1997
    1.1927  289.4136
    1.1991  289.6336
    1.2055  289.8608
    1.2120  290.0952
    1.2184  290.3380
    1.2248  290.5905
    1.2312  290.8553
    1.2376  291.1349
    1.2441  291.4358
    1.2505  291.7687
    1.2569  292.1474
    1.2633  292.5863
    1.2698  293.0879
    1.2762  293.6418
    1.2826  294.2312
    1.2890  294.8453
    1.2954  295.4762
    1.3019  296.1195
    1.3083  296.7693
    1.3147  297.4234
    1.3211  298.0804
    1.3276  298.7357
    1.3340  299.3881
    1.3404  300.0356
    1.3468  300.6771
    1.3533  301.3085
    1.3597  301.9290
    1.3661  302.5365
    1.3725  303.1303
    1.3789  303.7065
    1.3854  304.2644
    1.3918  304.8031
    1.3982  305.3193
    1.4046  305.8123
    1.4111  306.2805
    1.4175  306.7232
    1.4239  307.1376
    1.4303  307.5233
    1.4367  307.8790
    1.4432  308.2041
    1.4496  308.4966
    1.4560  308.7562
    1.4624  308.9824
    1.4689  309.1738
    1.4753  309.3302
    1.4817  309.4511
    1.4881  309.5363
    1.4946  309.5852
    1.5010  309.5978
    1.5074  309.5742
    1.5138  309.5143
    1.5175  309.4735
    1.5212  309.3525
    1.5249  309.1560
    1.5285  308.8892
    1.5322  308.5601
    1.5359  308.1769
    1.5396  307.7480
    1.5432  307.2828
    1.5469  306.7861
    1.5506  306.2660
    1.5543  305.7284
    1.5580  305.1790
    1.5616  304.6259
    1.5653  304.0936
    1.5690  304.3414
    1.5727  305.0560
    1.5763  305.8102
    1.5800  306.5903
    1.5837  307.3965
    1.5874  308.2238
    1.5911  309.0696
    1.5947  309.9314
    1.5984  310.8046
    1.6021  311.6915
    1.6058  312.5879
    1.6094  313.4915
    1.6131  314.4004
    1.6168  315.3104
    1.6205  316.2247
    1.6242  317.1392
    1.6278  318.0523
    1.6315  318.9627
    1.6352  319.8664
    1.6389  320.7672
    1.6425  321.6615
    1.6462  322.5481
    1.6499  323.4261
    1.6536  324.2922
    1.6573  325.1502
    1.6609  325.9969
    1.6646  326.8318
    1.6683  327.6540
    1.6720  328.4630
    1.6756  329.2561
    1.6793  329.4743
    1.6830  329.5748
    1.6867  329.6768
    1.6904  329.7803
    1.6940  329.8849
    1.6977  329.9911
    1.7014  330.0987
    1.7051  330.2075
    1.7088  330.3175
    1.7124  330.4284
    1.7161  330.5407
    1.7198  330.6540
    1.7235  330.7683
    1.7271  330.8835
    1.7308  330.9993
    1.7345  331.1162
    1.7382  331.2339
    1.7419  331.3522
    1.7455  331.4712
    1.7492  331.5904
    1.7529  331.7105
    1.7566  331.8310
    1.7602  331.9518
    1.7639  332.0730
    1.7676  332.1941
    1.7713  332.3157
    1.7750  332.4374
    1.7786  332.5591
    1.7823  332.6809
    1.7860  332.8022
    1.7897  332.9236
    1.7933  333.0449
    1.7970  333.1658
    1.8007  333.2864
    1.8044  333.4062
    1.8081  333.5258
 
    0.0000  277.4262
    0.0080  277.4536
    0.0160  277.5356
    0.0240  277.6722
    0.0320  277.8629
    0.0400  278.1073
    0.0480  278.4048
    0.0560  278.7548
    0.0640  279.1564
    0.0720  279.6087
    0.0800  280.1106
    0.0880  280.6612
    0.0960  281.2590
    0.1040  282.5844
    0.1120  285.7576
    0.1200  286.7872
    0.1280  287.2526
    0.1360  287.5804
    0.1440  287.8599
    0.1520  288.1185
    0.1600  288.3686
    0.1680  288.6172
    0.1760  289.5197
    0.1840  290.5378
    0.1920  291.5836
    0.2000  292.6553
    0.2080  293.7510
    0.2160  294.8686
    0.2240  296.0062
    0.2320  297.1618
    0.2400  298.3331
    0.2480  299.5182
    0.2560  300.7147
    0.2640  301.9205
    0.2720  303.1331
    0.2800  304.3502
    0.2880  305.5692
    0.2960  306.7875
    0.3040  308.0023
    0.3120  309.2109
    0.3200  310.4102
    0.3280  311.5972
    0.3360  312.7686
    0.3440  313.9211
    0.3520  315.0512
    0.3600  316.1553
    0.3680  317.2296
    0.3760  318.2703
    0.3840  319.2734
    0.3920  320.2349
    0.4000  321.1507
    0.4080  322.0167
    0.4160  322.8287
    0.4240  323.5828
    0.4320  324.2749
    0.4400  324.9011
    0.4480  325.4580
    0.4560  325.9422
    0.4640  326.3506
    0.4720  326.6807
    0.4800  326.9302
    0.4880  327.0975
    0.4960  327.1814
    0.5040  327.1814
    0.5120  327.0975
    0.5200  326.9302
    0.5280  326.6807
    0.5360  326.3506
    0.5440  325.9422
    0.5520  325.4580
    0.5600  324.9011
    0.5680  324.2749
    0.5760  323.5828
    0.5840  322.8287
    0.5920  322.0167
    0.6000  321.1507
    0.6080  320.2349
    0.6160  319.2734
    0.6240  318.2703
    0.6320  317.2296
    0.6400  316.1553
    0.6480  315.0512
    0.6560  313.9211
    0.6640  312.7686
    0.6720  311.5972
    0.6800  310.4102
    0.6880  309.2109
    0.6960  308.0023
    0.7040  306.7875
    0.7120  305.5692
    0.7200  304.3502
    0.7280  303.1331
    0.7360  301.9205
    0.7440  300.7147
    0.7520  299.5182
    0.7600  298.3331
    0.7680  297.1618
    0.7760  296.0062
    0.7840  294.8686
    0.7920  293.7510
    0.8000  292.6553
    0.8080  291.5836
    0.8160  290.5378
    0.8240  289.5197
    0.8320  288.6172
    0.8400  288.3686
    0.8480  288.1185
    0.8560  287.8599
    0.8640  287.5804
    0.8720  287.2526
    0.8800  286.7872
    0.8880  285.7576
    0.8960  282.5844
    0.9040  281.2590
    0.9120  280.6612
    0.9200  280.1106
    0.9280  279.6087
    0.9360  279.1564
    0.9440  278.7548
    0.9520  278.4048
    0.9600  278.1073
    0.9680  277.8629
    0.9760  277.6722
    0.9840  277.5356
    0.9920  277.4536
    1.0000  277.4262
    1.0064  277.4438
    1.0129  277.4968
    1.0193  277.5849
    1.0257  277.7080
    1.0321  277.8659
    1.0385  278.0587
    1.0450  278.2855
    1.0514  278.5463
    1.0578  278.8407
    1.0642  279.1687
    1.0707  279.5288
    1.0771  279.9211
    1.0835  280.3456
    1.0899  280.8004
    1.0963  281.2855
    1.1028  282.0302
    1.1092  284.9869
    1.1156  286.3574
    1.1220  286.9298
    1.1285  287.2733
    1.1349  287.5384
    1.1413  287.7688
    1.1477  287.9818
    1.1542  288.1862
    1.1606  288.3863
    1.1670  288.5858
    1.1734  289.1963
    1.1798  290.0048
    1.1863  290.8305
    1.1927  291.6737
    1.1991  292.5335
    1.2055  293.4103
    1.2120  294.3002
    1.2184  295.2036
    1.2248  296.1196
    1.2312  297.0484
    1.2376  297.9861
    1.2441  298.9330
    1.2505  299.8895
    1.2569  300.8515
    1.2633  301.8192
    1.2698  302.7915
    1.2762  303.7687
    1.2826  304.7463
    1.2890  305.7246
    1.2954  306.7023
    1.3019  307.6794
    1.3083  308.6514
    1.3147  309.6184
    1.3211  310.5802
    1.3276  311.5323
    1.3340  312.4745
    1.3404  313.4050
    1.3468  314.3236
    1.3533  315.2255
    1.3597  316.1103
    1.3661  316.9760
    1.3725  317.8220
    1.3789  318.6435
    1.3854  319.4399
    1.3918  320.2102
    1.3982  320.9500
    1.4046  321.6582
    1.4111  322.3329
    1.4175  322.9727
    1.4239  323.5737
    1.4303  324.1349
    1.4367  324.6541
    1.4432  325.1303
    1.4496  325.5602
    1.4560  325.9428
    1.4624  326.2770
    1.4689  326.5606
    1.4753  326.7928
    1.4817  326.9726
    1.4881  327.0995
    1.4946  327.1724
    1.5010  327.1913
    1.5074  327.1560
    1.5138  327.0667
    1.5175  327.0680
    1.5212  327.0718
    1.5249  327.0781
    1.5285  327.0870
    1.5322  327.0984
    1.5359  327.1123
    1.5396  327.1287
    1.5432  327.1477
    1.5469  327.1691
    1.5506  327.1931
    1.5543  327.2196
    1.5580  327.2485
    1.5616  327.2799
    1.5653  327.3137
    1.5690  327.3501
    1.5727  327.3888
    1.5763  327.4300
    1.5800  327.4735
    1.5837  327.5194
    1.5874  327.5678
    1.5911  327.6185
    1.5947  327.6715
    1.5984  327.7267
    1.6021  327.7843
    1.6058  327.8443
    1.6094  327.9064
    1.6131  327.9708
    1.6168  328.0372
    1.6205  328.1059
    1.6242  328.1768
    1.6278  328.2498
    1.6315  328.3249
    1.6352  328.4018
    1.6389  328.4809
    1.6425  328.5621
    1.6462  328.6452
    1.6499  328.7302
    1.6536  328.8168
    1.6573  328.9056
    1.6609  328.9961
    1.6646  329.0884
    1.6683  329.1825
    1.6720  329.2782
    1.6756  329.3753
    1.6793  330.0370
    1.6830  330.8033
    1.6867  331.5544
    1.6904  332.2901
    1.6940  333.0079
    1.6977  333.7117
    1.7014  334.3990
    1.7051  335.0698
    1.7088  335.7238
    1.7124  336.3592
    1.7161  336.9793
    1.7198  337.5822
    1.7235  338.1679
    1.7271  338.7362
    1.7308  339.2858
    1.7345  339.8195
    1.7382  340.3360
    1.7419  340.8351
    1.7455  341.3170
    1.7492  341.7805
    1.7529  342.2281
    1.7566  342.6588
    1.7602  343.0726
    1.7639  343.4697
    1.7676  343.8491
    1.7713  344.2132
    1.7750  344.5611
    1.7786  344.8929
    1.7823  345.2088
    1.7860  345.5084
    1.7897  345.7933
    1.7933  346.0631
    1.7970  346.3180
    1.8007  346.5583
    1.8044  346.7836
    1.8081  346.9955
 
    0.0000  284.9064
    0.0080  284.9174
    0.0160  284.9504
    0.0240  285.0059
    0.0320  285.0846
    0.0400  285.1873
    0.0480  285.3153
    0.0560  285.4696
    0.0640  285.6517
    0.0720  285.8630
    0.0800  286.1051
    0.0880  286.3813
    0.0960  286.7007
    0.1040  287.0951
    0.1120  287.6458
    0.1200  288.3397
    0.1280  289.0300
    0.1360  289.7101
    0.1440  290.4107
    0.1520  291.1486
    0.1600  291.9309
    0.1680  292.7592
    0.1760  293.6326
    0.1840  294.5489
    0.1920  295.5053
    0.2000  296.4986
    0.2080  297.5253
    0.2160  298.5820
    0.2240  299.6654
    0.2320  300.7719
    0.2400  301.8983
    0.2480  303.0410
    0.2560  304.1968
    0.2640  305.3624
    0.2720  306.5345
    0.2800  307.7097
    0.2880  308.8848
    0.2960  310.0564
    0.3040  311.2213
    0.3120  312.3762
    0.3200  313.5176
    0.3280  314.6423
    0.3360  315.7468
    0.3440  316.8279
    0.3520  317.8820
    0.3600  318.9058
    0.3680  319.8960
    0.3760  320.8492
    0.3840  321.7620
    0.3920  322.6312
    0.4000  323.4536
    0.4080  324.2261
    0.4160  324.9459
    0.4240  325.6099
    0.4320  326.2157
    0.4400  326.7608
    0.4480  327.2428
    0.4560  327.6599
    0.4640  328.0102
    0.4720  328.2923
    0.4800  328.5049
    0.4880  328.6471
    0.4960  328.7184
    0.5040  328.7184
    0.5120  328.6471
    0.5200  328.5049
    0.5280  328.2923
    0.5360  328.0102
    0.5440  327.6599
    0.5520  327.2428
    0.5600  326.7608
    0.5680  326.2157
    0.5760  325.6099
    0.5840  324.9459
    0.5920  324.2261
    0.6000  323.4536
    0.6080  322.6312
    0.6160  321.7620
    0.6240  320.8492
    0.6320  319.8960
    0.6400  318.9058
    0.6480  317.8820
    0.6560  316.8279
    0.6640  315.7468
    0.6720  314.6423
    0.6800  313.5176
    0.6880  312.3762
    0.6960  311.2213
    0.7040  310.0564
    0.7120  308.8848
    0.7200  307.7097
    0.7280  306.5345
    0.7360  305.3624
    0.7440  304.1968
    0.7520  303.0410
    0.7600  301.8983
    0.7680  300.7719
    0.7760  299.6654
    0.7840  298.5820
    0.7920  297.5253
    0.8000  296.4986
    0.8080  295.5053
    0.8160  294.5489
    0.8240  293.6326
    0.8320  292.7592
    0.8400  291.9309
    0.8480  291.1486
    0.8560  290.4107
    0.8640  289.7101
    0.8720  289.0300
    0.8800  288.3397
    0.8880  287.6458
    0.8960  287.0951
    0.9040  286.7007
    0.9120  286.3813
    0.9200  286.1051
    0.9280  285.8630
    0.9360  285.6517
    0.9440  285.4696
    0.9520  285.3153
    0.9600  285.1873
    0.9680  285.0846
    0.9760  285.0059
    0.9840  284.9504
    0.9920  284.9174
    1.0000  284.9064
    1.0064  284.9135
    1.0129  284.9347
    1.0193  284.9704
    1.0257  285.0206
    1.0321  285.0859
    1.0385  285.1668
    1.0450  285.2636
    1.0514  285.3772
    1.0578  285.5081
    1.0642  285.6574
    1.0707  285.8252
    1.0771  286.0127
    1.0835  286.2215
    1.0899  286.4534
    1.0963  286.7156
    1.1028  287.0264
    1.1092  287.4293
    1.1156  287.9523
    1.1220  288.5175
    1.1285  289.0682
    1.1349  289.6143
    1.1413  290.1706
    1.1477  290.7486
    1.1542  291.3544
    1.1606  291.9884
    1.1670  292.6521
    1.1734  293.3450
    1.1798  294.0672
    1.1863  294.8152
    1.1927  295.5884
    1.1991  296.3851
    1.2055  297.2049
    1.2120  298.0435
    1.2184  298.9004
    1.2248  299.7737
    1.2312  300.6631
    1.2376  301.5641
    1.2441  302.4764
    1.2505  303.3995
    1.2569  304.3290
    1.2633  305.2645
    1.2698  306.2044
    1.2762  307.1483
    1.2826  308.0918
    1.2890  309.0344
    1.2954  309.9746
    1.3019  310.9120
    1.3083  311.8421
    1.3147  312.7645
    1.3211  313.6790
    1.3276  314.5809
    1.3340  315.4700
    1.3404  316.3445
    1.3468  317.2040
    1.3533  318.0441
    1.3597  318.8643
    1.3661  319.6629
    1.3725  320.4393
    1.3789  321.1895
    1.3854  321.9129
    1.3918  322.6089
    1.3982  323.2738
    1.4046  323.9070
    1.4111  324.5069
    1.4175  325.0730
    1.4239  325.6020
    1.4303  326.0935
    1.4367  326.5462
    1.4432  326.9594
    1.4496  327.3310
    1.4560  327.6604
    1.4624  327.9472
    1.4689  328.1898
    1.4753  328.3879
    1.4817  328.5410
    1.4881  328.6489
    1.4946  328.7108
    1.5010  328.7268
    1.5074  328.6969
    1.5138  328.6210
    1.5175  328.6727
    1.5212  328.8265
    1.5249  329.0774
    1.5285  329.4206
    1.5322  329.8482
    1.5359  330.3517
    1.5396  330.9229
    1.5432  331.5520
    1.5469  332.2350
    1.5506  332.9638
    1.5543  333.7325
    1.5580  334.5359
    1.5616  335.3674
    1.5653  336.2277
    1.5690  337.1113
    1.5727  338.0153
    1.5763  338.9373
    1.5800  339.8725
    1.5837  340.8242
    1.5874  341.7881
    1.5911  342.7628
    1.5947  343.7470
    1.5984  344.7369
    1.6021  345.7367
    1.6058  346.7429
    1.6094  347.7547
    1.6131  348.7712
    1.6168  349.7889
    1.6205  350.8128
    1.6242  351.8395
    1.6278  352.8685
    1.6315  353.8992
    1.6352  354.9284
    1.6389  355.9612
    1.6425  356.9944
    1.6462  358.0277
    1.6499  359.0606
    1.6536  360.0902
    1.6573  361.1216
    1.6609  362.1518
    1.6646  363.1805
    1.6683  364.2074
    1.6720  365.2324
    1.6756  366.2524
    1.6793  367.2729
    1.6830  368.2907
    1.6867  369.3059
    1.6904  370.3181
    1.6940  371.3245
    1.6977  372.3306
    1.7014  373.3333
    1.7051  374.3327
    1.7088  375.3285
    1.7124  376.3181
    1.7161  377.3067
    1.7198  378.2916
    1.7235  379.2727
    1.7271  380.2500
    1.7308  381.2208
    1.7345  382.1903
    1.7382  383.1559
    1.7419  384.1175
    1.7455  385.0752
    1.7492  386.0263
    1.7529  386.9761
    1.7566  387.9219
    1.7602  388.8638
    1.7639  389.5254
    1.7676  388.9748
    1.7713  388.4154
    1.7750  387.8486
    1.7786  387.2745
    1.7823  386.6931
    1.7860  386.1061
    1.7897  385.5104
    1.7933  384.9075
    1.7970  384.2977
    1.8007  383.6809
    1.8044  383.0590
    1.8081  382.4285
 
    0.0000  288.0926
    0.0080  288.0991
    0.0160  288.1190
    0.0240  288.1535
    0.0320  288.2045
    0.0400  288.2753
    0.0480  288.3712
    0.0560  288.5009
    0.0640  288.6794
    0.0720  288.9358
    0.0800  289.3357
    0.0880  290.0665
    0.0960  291.9271
    0.1040  299.7786
    0.1120  319.0959
    0.1200  341.1805
    0.1280  362.5568
    0.1360  382.3853
    0.1440  400.1900
    0.1520  415.5866
    0.1600  428.3393
    0.1680  437.4968
    0.1760  436.7395
    0.1840  435.9600
    0.1920  435.1598
    0.2000  434.3406
    0.2080  433.5039
    0.2160  432.6513
    0.2240  431.7844
    0.2320  430.9049
    0.2400  430.0144
    0.2480  429.1146
    0.2560  428.2073
    0.2640  427.2943
    0.2720  426.3772
    0.2800  425.4581
    0.2880  424.5386
    0.2960  423.6209
    0.3040  422.7069
    0.3120  421.7985
    0.3200  420.8981
    0.3280  420.0077
    0.3360  419.1297
    0.3440  418.2665
    0.3520  417.4205
    0.3600  416.5942
    0.3680  415.7904
    0.3760  415.0118
    0.3840  414.2612
    0.3920  413.5416
    0.4000  412.8560
    0.4080  412.2074
    0.4160  411.5988
    0.4240  411.0334
    0.4320  410.5141
    0.4400  410.0438
    0.4480  409.6254
    0.4560  409.2613
    0.4640  408.9540
    0.4720  408.7056
    0.4800  408.5177
    0.4880  408.3917
    0.4960  408.3284
    0.5040  408.3284
    0.5120  408.3917
    0.5200  408.5177
    0.5280  408.7056
    0.5360  408.9540
    0.5440  409.2613
    0.5520  409.6254
    0.5600  410.0438
    0.5680  410.5141
    0.5760  411.0334
    0.5840  411.5988
    0.5920  412.2074
    0.6000  412.8560
    0.6080  413.5416
    0.6160  414.2612
    0.6240  415.0118
    0.6320  415.7904
    0.6400  416.5942
    0.6480  417.4205
    0.6560  418.2665
    0.6640  419.1297
    0.6720  420.0077
    0.6800  420.8981
    0.6880  421.7985
    0.6960  422.7069
    0.7040  423.6209
    0.7120  424.5386
    0.7200  425.4581
    0.7280  426.3772
    0.7360  427.2943
    0.7440  428.2073
    0.7520  429.1146
    0.7600  430.0144
    0.7680  430.9049
    0.7760  431.7844
    0.7840  432.6513
    0.7920  433.5039
    0.8000  434.3406
    0.8080  435.1598
    0.8160  435.9600
    0.8240  436.7395
    0.8320  437.4968
    0.8400  428.3393
    0.8480  415.5866
    0.8560  400.1900
    0.8640  382.3853
    0.8720  362.5568
    0.8800  341.1805
    0.8880  319.0959
    0.8960  299.7786
    0.9040  291.9271
    0.9120  290.0665
    0.9200  289.3357
    0.9280  288.9358
    0.9360  288.6794
    0.9440  288.5009
    0.9520  288.3712
    0.9600  288.2753
    0.9680  288.2045
    0.9760  288.1535
    0.9840  288.1190
    0.9920  288.0991
    1.0000  288.0926
    1.0064  288.0968
    1.0129  288.1095
    1.0193  288.1313
    1.0257  288.1628
    1.0321  288.2053
    1.0385  288.2607
    1.0450  288.3313
    1.0514  288.4212
    1.0578  288.5360
    1.0642  288.6855
    1.0707  288.8850
    1.0771  289.1654
    1.0835  289.5938
    1.0899  290.3470
    1.0963  292.0708
    1.1028  297.7107
    1.1092  311.5922
    1.1156  329.0518
    1.1220  346.7182
    1.1285  363.7183
    1.1349  379.7214
    1.1413  394.4329
    1.1477  407.6682
    1.1542  419.2779
    1.1606  429.1460
    1.1670  437.3366
    1.1734  436.9872
    1.1798  436.3680
    1.1863  435.7359
    1.1927  435.0909
    1.1991  434.4337
    1.2055  433.7640
    1.2120  433.0848
    1.2184  432.3959
    1.2248  431.6981
    1.2312  430.9911
    1.2376  430.2781
    1.2441  429.5588
    1.2505  428.8329
    1.2569  428.1037
    1.2633  427.3709
    1.2698  426.6354
    1.2762  425.8971
    1.2826  425.1592
    1.2890  424.4215
    1.2954  423.6851
    1.3019  422.9498
    1.3083  422.2189
    1.3147  421.4925
    1.3211  420.7706
    1.3276  420.0564
    1.3340  419.3501
    1.3404  418.6530
    1.3468  417.9651
    1.3533  417.2900
    1.3597  416.6279
    1.3661  415.9801
    1.3725  415.3472
    1.3789  414.7325
    1.3854  414.1366
    1.3918  413.5601
    1.3982  413.0063
    1.4046  412.4759
    1.4111  411.9705
    1.4175  411.4909
    1.4239  411.0402
    1.4303  410.6192
    1.4367  410.2293
    1.4432  409.8717
    1.4496  409.5486
    1.4560  409.2609
    1.4624  409.0094
    1.4689  408.7960
    1.4753  408.6212
    1.4817  408.4857
    1.4881  408.3901
    1.4946  408.3352
    1.5010  408.3210
    1.5074  408.3475
    1.5138  408.4149
    1.5175  408.4107
    1.5212  408.3983
    1.5249  408.3778
    1.5285  408.3489
    1.5322  408.3118
    1.5359  408.2664
    1.5396  408.2128
    1.5432  408.1511
    1.5469  408.0811
    1.5506  408.0027
    1.5543  407.9161
    1.5580  407.8213
    1.5616  407.7185
    1.5653  407.6072
    1.5690  407.4877
    1.5727  407.3599
    1.5763  407.2239
    1.5800  407.0800
    1.5837  406.9275
    1.5874  406.7669
    1.5911  406.5979
    1.5947  406.4208
    1.5984  406.2359
    1.6021  406.0423
    1.6058  405.8406
    1.6094  405.6306
    1.6131  405.4124
    1.6168  405.1866
    1.6205  404.9520
    1.6242  404.7092
    1.6278  404.4583
    1.6315  404.1991
    1.6352  403.9325
    1.6389  403.6571
    1.6425  403.3735
    1.6462  403.0817
    1.6499  402.7818
    1.6536  402.4745
    1.6573  402.1584
    1.6609  401.8341
    1.6646  401.5017
    1.6683  401.1612
    1.6720  400.8126
    1.6756  400.4569
    1.6793  400.0922
    1.6830  399.7194
    1.6867  399.3386
    1.6904  398.9498
    1.6940  398.5541
    1.6977  398.1493
    1.7014  397.7365
    1.7051  397.3158
    1.7088  396.8871
    1.7124  396.4517
    1.7161  396.0072
    1.7198  395.5549
    1.7235  395.0947
    1.7271  394.6267
    1.7308  394.1522
    1.7345  393.6686
    1.7382  393.1773
    1.7419  392.6783
    1.7455  392.1716
    1.7492  391.6586
    1.7529  391.1366
    1.7566  390.6071
    1.7602  390.0700
    1.7639  389.8018
    1.7676  390.7334
    1.7713  391.6637
    1.7750  392.5902
    1.7786  393.5129
    1.7823  394.4318
    1.7860  395.3446
    1.7897  396.2563
    1.7933  397.1643
    1.7970  398.0689
    1.8007  398.9699
    1.8044  399.8651
    1.8081  400.7594
 
    0.0000  446.0281
    0.0080  446.0071
    0.0160  445.9440
    0.0240  445.8390
    0.0320  445.6923
    0.0400  445.5044
    0.0480  445.2756
    0.0560  445.0064
    0.0640  444.6976
    0.0720  444.3498
    0.0800  443.9638
    0.0880  443.5405
    0.0960  443.0808
    0.1040  442.5858
    0.1120  442.0566
    0.1200  441.4943
    0.1280  440.9001
    0.1360  440.2753
    0.1440  439.6212
    0.1520  438.9391
    0.1600  438.2305
    0.1680  438.4819
    0.1760  446.3310
    0.1840  452.3473
    0.1920  456.9757
    0.2000  460.5671
    0.2080  463.3726
    0.2160  465.5666
    0.2240  467.2711
    0.2320  468.5748
    0.2400  469.5460
    0.2480  470.2403
    0.2560  470.7057
    0.2640  470.9848
    0.2720  471.1168
    0.2800  471.1381
    0.2880  471.0828
    0.2960  470.9828
    0.3040  470.8684
    0.3120  470.7684
    0.3200  470.7092
    0.3280  470.7152
    0.3360  470.8077
    0.3440  471.0039
    0.3520  471.3151
    0.3600  471.7455
    0.3680  472.2894
    0.3760  472.9302
    0.3840  473.6392
    0.3920  474.3777
    0.4000  475.1023
    0.4080  475.7730
    0.4160  476.3613
    0.4240  476.8537
    0.4320  477.2506
    0.4400  477.5611
    0.4480  477.7985
    0.4560  477.9764
    0.4640  478.1071
    0.4720  478.2004
    0.4800  478.2640
    0.4880  478.3036
    0.4960  478.3225
    0.5040  478.3225
    0.5120  478.3036
    0.5200  478.2640
    0.5280  478.2004
    0.5360  478.1071
    0.5440  477.9764
    0.5520  477.7985
    0.5600  477.5611
    0.5680  477.2506
    0.5760  476.8537
    0.5840  476.3613
    0.5920  475.7730
    0.6000  475.1023
    0.6080  474.3777
    0.6160  473.6392
    0.6240  472.9302
    0.6320  472.2894
    0.6400  471.7455
    0.6480  471.3151
    0.6560  471.0039
    0.6640  470.8077
    0.6720  470.7152
    0.6800  470.7092
    0.6880  470.7684
    0.6960  470.8684
    0.7040  470.9828
    0.7120  471.0828
    0.7200  471.1381
    0.7280  471.1168
    0.7360  470.9848
    0.7440  470.7057
    0.7520  470.2403
    0.7600  469.5460
    0.7680  468.5748
    0.7760  467.2711
    0.7840  465.5666
    0.7920  463.3726
    0.8000  460.5671
    0.8080  456.9757
    0.8160  452.3473
    0.8240  446.3310
    0.8320  438.4819
    0.8400  438.2305
    0.8480  438.9391
    0.8560  439.6212
    0.8640  440.2753
    0.8720  440.9001
    0.8800  441.4943
    0.8880  442.0566
    0.8960  442.5858
    0.9040  443.0808
    0.9120  443.5405
    0.9200  443.9638
    0.9280  444.3498
    0.9360  444.6976
    0.9440  445.0064
    0.9520  445.2756
    0.9600  445.5044
    0.9680  445.6923
    0.9760  445.8390
    0.9840  445.9440
    0.9920  446.0071
    1.0000  446.0281
    1.0064  446.0146
    1.0129  445.9738
    1.0193  445.9061
    1.0257  445.8115
    1.0321  445.6900
    1.0385  445.5417
    1.0450  445.3673
    1.0514  445.1667
    1.0578  444.9404
    1.0642  444.6881
    1.0707  444.4112
    1.0771  444.1095
    1.0835  443.7831
    1.0899  443.4334
    1.0963  443.0605
    1.1028  442.6648
    1.1092  442.2463
    1.1156  441.8069
    1.1220  441.3464
    1.1285  440.8657
    1.1349  440.3645
    1.1413  439.8451
    1.1477  439.3074
    1.1542  438.7512
    1.1606  438.1791
    1.1670  437.5908
    1.1734  444.0136
    1.1798  449.4184
    1.1863  453.7783
    1.1927  457.3171
    1.1991  460.2061
    1.2055  462.5785
    1.2120  464.5238
    1.2184  466.1181
    1.2248  467.4164
    1.2312  468.4633
    1.2376  469.2906
    1.2441  469.9298
    1.2505  470.4076
    1.2569  470.7460
    1.2633  470.9676
    1.2698  471.0924
    1.2762  471.1396
    1.2826  471.1270
    1.2890  471.0718
    1.2954  470.9906
    1.3019  470.8986
    1.3083  470.8113
    1.3147  470.7425
    1.3211  470.7055
    1.3276  470.7128
    1.3340  470.7752
    1.3404  470.9019
    1.3468  471.1004
    1.3533  471.3745
    1.3597  471.7254
    1.3661  472.1499
    1.3725  472.6412
    1.3789  473.1847
    1.3854  473.7639
    1.3918  474.3583
    1.3982  474.9436
    1.4046  475.4992
    1.4111  476.0081
    1.4175  476.4598
    1.4239  476.8482
    1.4303  477.1748
    1.4367  477.4442
    1.4432  477.6632
    1.4496  477.8382
    1.4560  477.9766
    1.4624  478.0848
    1.4689  478.1676
    1.4753  478.2297
    1.4817  478.2743
    1.4881  478.3040
    1.4946  478.3205
    1.5010  478.3246
    1.5074  478.3168
    1.5138  478.2965
    1.5175  478.3094
    1.5212  478.3482
    1.5249  478.4126
    1.5285  478.5026
    1.5322  478.6178
    1.5359  478.7578
    1.5396  478.9222
    1.5432  479.1098
    1.5469  479.3211
    1.5506  479.5548
    1.5543  479.8103
    1.5580  480.0866
    1.5616  480.3821
    1.5653  480.6973
    1.5690  481.0306
    1.5727  481.3807
    1.5763  481.7468
    1.5800  482.1265
    1.5837  482.5208
    1.5874  482.9275
    1.5911  483.3454
    1.5947  483.7733
    1.5984  484.2088
    1.6021  484.6531
    1.6058  485.1038
    1.6094  485.5597
    1.6131  486.0198
    1.6168  486.4816
    1.6205  486.9466
    1.6242  487.4125
    1.6278  487.8782
    1.6315  488.3429
    1.6352  488.8045
    1.6389  489.2645
    1.6425  489.7210
    1.6462  490.1732
    1.6499  490.6204
    1.6536  491.0609
    1.6573  491.4966
    1.6609  491.9256
    1.6646  492.3476
    1.6683  492.7621
    1.6720  493.1687
    1.6756  493.5661
    1.6793  493.9561
    1.6830  494.3373
    1.6867  494.7093
    1.6904  495.0717
    1.6940  495.4233
    1.6977  495.7652
    1.7014  496.0959
    1.7051  496.4143
    1.7088  496.7191
    1.7124  497.0077
    1.7161  497.2790
    1.7198  497.5283
    1.7235  497.7502
    1.7271  497.9372
    1.7308  498.0786
    1.7345  498.1616
    1.7382  498.1711
    1.7419  498.0940
    1.7455  497.9243
    1.7492  497.6666
    1.7529  497.3313
    1.7566  496.9338
    1.7602  496.4878
    1.7639  496.0045
    1.7676  495.4938
    1.7713  494.9591
    1.7750  494.4060
    1.7786  493.8378
    1.7823  493.2569
    1.7860  492.6667
    1.7897  492.0654
    1.7933  491.4556
    1.7970  490.8382
    1.8007  490.2137
    1.8044  489.5846
    1.8081  488.9478
 
    0.0000  446.0281
    0.0080  446.1530
    0.0160  446.5271
    0.0240  447.1479
    0.0320  448.0120
    0.0400  449.1144
    0.0480  450.4494
    0.0560  452.0108
    0.0640  453.7925
    0.0720  455.7890
    0.0800  457.9966
    0.0880  460.4144
    0.0960  463.0455
    0.1040  465.8974
    0.1120  468.9819
    0.1200  472.3075
    0.1280  475.8597
    0.1360  479.5505
    0.1440  483.1386
    0.1520  486.2245
    0.1600  488.4884
    0.1680  489.9364
    0.1760  490.7833
    0.1840  491.2434
    0.1920  491.4648
    0.2000  491.5401
    0.2080  491.5266
    0.2160  491.4604
    0.2240  491.3638
    0.2320  491.2505
    0.2400  491.1279
    0.2480  490.9994
    0.2560  490.8656
    0.2640  490.7262
    0.2720  490.5805
    0.2800  490.4289
    0.2880  490.2730
    0.2960  490.1159
    0.3040  489.9626
    0.3120  489.8197
    0.3200  489.6959
    0.3280  489.6017
    0.3360  489.5501
    0.3440  489.5570
    0.3520  489.6422
    0.3600  489.8305
    0.3680  490.1527
    0.3760  490.6465
    0.3840  491.3562
    0.3920  492.3293
    0.4000  493.6100
    0.4080  495.2298
    0.4160  497.1974
    0.4240  499.4937
    0.4320  502.0709
    0.4400  504.8558
    0.4480  507.7525
    0.4560  510.6450
    0.4640  513.3995
    0.4720  515.8687
    0.4800  517.9002
    0.4880  519.3513
    0.4960  520.1085
    0.5040  520.1085
    0.5120  519.3513
    0.5200  517.9002
    0.5280  515.8687
    0.5360  513.3995
    0.5440  510.6450
    0.5520  507.7525
    0.5600  504.8558
    0.5680  502.0709
    0.5760  499.4937
    0.5840  497.1974
    0.5920  495.2298
    0.6000  493.6100
    0.6080  492.3293
    0.6160  491.3562
    0.6240  490.6465
    0.6320  490.1527
    0.6400  489.8305
    0.6480  489.6422
    0.6560  489.5570
    0.6640  489.5501
    0.6720  489.6017
    0.6800  489.6959
    0.6880  489.8197
    0.6960  489.9626
    0.7040  490.1159
    0.7120  490.2730
    0.7200  490.4289
    0.7280  490.5805
    0.7360  490.7262
    0.7440  490.8656
    0.7520  490.9994
    0.7600  491.1279
    0.7680  491.2505
    0.7760  491.3638
    0.7840  491.4604
    0.7920  491.5266
    0.8000  491.5401
    0.8080  491.4648
    0.8160  491.2434
    0.8240  490.7833
    0.8320  489.9364
    0.8400  488.4884
    0.8480  486.2245
    0.8560  483.1386
    0.8640  479.5505
    0.8720  475.8597
    0.8800  472.3075
    0.8880  468.9819
    0.8960  465.8974
    0.9040  463.0455
    0.9120  460.4144
    0.9200  457.9966
    0.9280  455.7890
    0.9360  453.7925
    0.9440  452.0108
    0.9520  450.4494
    0.9600  449.1144
    0.9680  448.0120
    0.9760  447.1479
    0.9840  446.5271
    0.9920  446.1530
    1.0000  446.0281
    1.0064  446.1086
    1.0129  446.3502
    1.0193  446.7512
    1.0257  447.3103
    1.0321  448.0255
    1.0385  448.8956
    1.0450  449.9151
    1.0514  451.0818
    1.0578  452.3927
    1.0642  453.8469
    1.0707  455.4372
    1.0771  457.1637
    1.0835  459.0285
    1.0899  461.0262
    1.0963  463.1621
    1.1028  465.4405
    1.1092  467.8712
    1.1156  470.4526
    1.1220  473.1891
    1.1285  476.0651
    1.1349  479.0324
    1.1413  481.9620
    1.1477  484.6616
    1.1542  486.9197
    1.1606  488.6166
    1.1670  489.7918
    1.1734  490.5606
    1.1798  491.0418
    1.1863  491.3253
    1.1927  491.4759
    1.1991  491.5369
    1.2055  491.5378
    1.2120  491.4989
    1.2184  491.4342
    1.2248  491.3532
    1.2312  491.2621
    1.2376  491.1648
    1.2441  491.0634
    1.2505  490.9583
    1.2569  490.8501
    1.2633  490.7381
    1.2698  490.6221
    1.2762  490.5020
    1.2826  490.3786
    1.2890  490.2529
    1.2954  490.1268
    1.3019  490.0027
    1.3083  489.8842
    1.3147  489.7752
    1.3211  489.6804
    1.3276  489.6059
    1.3340  489.5583
    1.3404  489.5455
    1.3468  489.5771
    1.3533  489.6642
    1.3597  489.8203
    1.3661  490.0617
    1.3725  490.4079
    1.3789  490.8797
    1.3854  491.5017
    1.3918  492.3000
    1.3982  493.2948
    1.4046  494.5050
    1.4111  495.9393
    1.4175  497.5985
    1.4239  499.4631
    1.4303  501.5097
    1.4367  503.7016
    1.4432  505.9963
    1.4496  508.3317
    1.4560  510.6486
    1.4624  512.8800
    1.4689  514.9433
    1.4753  516.7631
    1.4817  518.2616
    1.4881  519.3694
    1.4946  520.0264
    1.5010  520.1990
    1.5074  519.8778
    1.5138  519.0787
    1.5175  519.0738
    1.5212  519.0592
    1.5249  519.0349
    1.5285  519.0007
    1.5322  518.9568
    1.5359  518.9031
    1.5396  518.8396
    1.5432  518.7666
    1.5469  518.6835
    1.5506  518.5907
    1.5543  518.4880
    1.5580  518.3755
    1.5616  518.2535
    1.5653  518.1213
    1.5690  517.9793
    1.5727  517.8274
    1.5763  517.6656
    1.5800  517.4944
    1.5837  517.3129
    1.5874  517.1215
    1.5911  516.9203
    1.5947  516.7091
    1.5984  516.4887
    1.6021  516.2578
    1.6058  516.0171
    1.6094  515.7666
    1.6131  515.5063
    1.6168  515.2369
    1.6205  514.9571
    1.6242  514.6677
    1.6278  514.3686
    1.6315  514.0600
    1.6352  513.7428
    1.6389  513.4154
    1.6425  513.0787
    1.6462  512.7328
    1.6499  512.3779
    1.6536  512.0151
    1.6573  511.6426
    1.6609  511.2615
    1.6646  510.8721
    1.6683  510.4746
    1.6720  510.0693
    1.6756  509.6576
    1.6793  509.2376
    1.6830  508.8108
    1.6867  508.3777
    1.6904  507.9390
    1.6940  507.4964
    1.6977  507.0484
    1.7014  506.5974
    1.7051  506.1446
    1.7088  505.6918
    1.7124  505.2425
    1.7161  504.7975
    1.7198  504.3621
    1.7235  503.9424
    1.7271  503.5465
    1.7308  503.1862
    1.7345  502.8734
    1.7382  502.6246
    1.7419  502.4533
    1.7455  502.3661
    1.7492  502.3595
    1.7529  502.4224
    1.7566  502.5405
    1.7602  502.7005
    1.7639  502.8917
    1.7676  503.1055
    1.7713  503.3375
    1.7750  503.5831
    1.7786  503.8394
    1.7823  504.1044
    1.7860  504.3760
    1.7897  504.6545
    1.7933  504.9384
    1.7970  505.2273
    1.8007  505.5206
    1.8044  505.8172
    1.8081  506.1185
 
    0.0000  504.0243
    0.0080  504.0134
    0.0160  503.9809
    0.0240  503.9278
    0.0320  503.8555
    0.0400  503.7663
    0.0480  503.6634
    0.0560  503.5511
    0.0640  503.4353
    0.0720  503.3239
    0.0800  503.2281
    0.0880  503.1639
    0.0960  503.1547
    0.1040  503.2368
    0.1120  503.4687
    0.1200  503.9497
    0.1280  504.8557
    0.1360  506.5031
    0.1440  509.4249
    0.1520  514.3232
    0.1600  521.7061
    0.1680  531.4999
    0.1760  543.1470
    0.1840  555.9503
    0.1920  569.2991
    0.2000  582.7362
    0.2080  595.9428
    0.2160  608.7030
    0.2240  620.8707
    0.2320  632.3469
    0.2400  643.0635
    0.2480  652.9746
    0.2560  662.0492
    0.2640  670.2676
    0.2720  677.6190
    0.2800  684.0994
    0.2880  689.7105
    0.2960  694.4589
    0.3040  698.3558
    0.3120  701.4163
    0.3200  703.6596
    0.3280  705.1083
    0.3360  705.7886
    0.3440  705.7305
    0.3520  704.9676
    0.3600  703.5370
    0.3680  701.4799
    0.3760  698.8418
    0.3840  695.6723
    0.3920  692.0263
    0.4000  687.9640
    0.4080  683.5521
    0.4160  678.8647
    0.4240  673.9843
    0.4320  669.0037
    0.4400  664.0274
    0.4480  659.1737
    0.4560  654.5752
    0.4640  650.3791
    0.4720  646.7437
    0.4800  643.8299
    0.4880  641.7870
    0.4960  640.7328
    0.5040  640.7328
    0.5120  641.7870
    0.5200  643.8299
    0.5280  646.7437
    0.5360  650.3791
    0.5440  654.5752
    0.5520  659.1737
    0.5600  664.0274
    0.5680  669.0037
    0.5760  673.9843
    0.5840  678.8647
    0.5920  683.5521
    0.6000  687.9640
    0.6080  692.0263
    0.6160  695.6723
    0.6240  698.8418
    0.6320  701.4799
    0.6400  703.5370
    0.6480  704.9676
    0.6560  705.7305
    0.6640  705.7886
    0.6720  705.1083
    0.6800  703.6596
    0.6880  701.4163
    0.6960  698.3558
    0.7040  694.4589
    0.7120  689.7105
    0.7200  684.0994
    0.7280  677.6190
    0.7360  670.2676
    0.7440  662.0492
    0.7520  652.9746
    0.7600  643.0635
    0.7680  632.3469
    0.7760  620.8707
    0.7840  608.7030
    0.7920  595.9428
    0.8000  582.7362
    0.8080  569.2991
    0.8160  555.9503
    0.8240  543.1470
    0.8320  531.4999
    0.8400  521.7061
    0.8480  514.3232
    0.8560  509.4249
    0.8640  506.5031
    0.8720  504.8557
    0.8800  503.9497
    0.8880  503.4687
    0.8960  503.2368
    0.9040  503.1547
    0.9120  503.1639
    0.9200  503.2281
    0.9280  503.3239
    0.9360  503.4353
    0.9440  503.5511
    0.9520  503.6634
    0.9600  503.7663
    0.9680  503.8555
    0.9760  503.9278
    0.9840  503.9809
    0.9920  504.0134
    1.0000  504.0243
    1.0064  504.0173
    1.0129  503.9962
    1.0193  503.9616
    1.0257  503.9140
    1.0321  503.8543
    1.0385  503.7837
    1.0450  503.7039
    1.0514  503.6168
    1.0578  503.5251
    1.0642  503.4320
    1.0707  503.3420
    1.0771  503.2605
    1.0835  503.1950
    1.0899  503.1556
    1.0963  503.1560
    1.1028  503.2161
    1.1092  503.3651
    1.1156  503.6468
    1.1220  504.1299
    1.1285  504.9248
    1.1349  506.2105
    1.1413  508.2538
    1.1477  511.4152
    1.1542  516.0546
    1.1606  522.3288
    1.1670  530.1470
    1.1734  539.2164
    1.1798  549.1892
    1.1863  559.6887
    1.1927  570.4432
    1.1991  581.2312
    1.2055  591.9045
    1.2120  602.3094
    1.2184  612.3747
    1.2248  622.0361
    1.2312  631.2604
    1.2376  639.9842
    1.2441  648.1963
    1.2505  655.8898
    1.2569  663.0274
    1.2633  669.6125
    1.2698  675.6394
    1.2762  681.1137
    1.2826  686.0181
    1.2890  690.3637
    1.2954  694.1544
    1.3019  697.4006
    1.3083  700.0999
    1.3147  702.2667
    1.3211  703.9140
    1.3276  705.0488
    1.3340  705.6878
    1.3404  705.8460
    1.3468  705.5394
    1.3533  704.7871
    1.3597  703.6087
    1.3661  702.0256
    1.3725  700.0577
    1.3789  697.7360
    1.3854  695.0845
    1.3918  692.1276
    1.3982  688.9057
    1.4046  685.4487
    1.4111  681.7933
    1.4175  677.9738
    1.4239  674.0461
    1.4303  670.0529
    1.4367  666.0475
    1.4432  662.0824
    1.4496  658.2349
    1.4560  654.5696
    1.4624  651.1584
    1.4689  648.0934
    1.4753  645.4528
    1.4817  643.3183
    1.4881  641.7617
    1.4946  640.8467
    1.5010  640.6073
    1.5074  641.0532
    1.5138  642.1684
    1.5175  642.1835
    1.5212  642.2287
    1.5249  642.3039
    1.5285  642.4095
    1.5322  642.5455
    1.5359  642.7120
    1.5396  642.9090
    1.5432  643.1362
    1.5469  643.3949
    1.5506  643.6847
    1.5543  644.0058
    1.5580  644.3584
    1.5616  644.7417
    1.5653  645.1579
    1.5690  645.6063
    1.5727  646.0870
    1.5763  646.6002
    1.5800  647.1445
    1.5837  647.7231
    1.5874  648.3346
    1.5911  648.9790
    1.5947  649.6564
    1.5984  650.3649
    1.6021  651.1081
    1.6058  651.8841
    1.6094  652.6927
    1.6131  653.5336
    1.6168  654.4043
    1.6205  655.3089
    1.6242  656.2448
    1.6278  657.2114
    1.6315  658.2082
    1.6352  659.2316
    1.6389  660.2865
    1.6425  661.3694
    1.6462  662.4793
    1.6499  663.6154
    1.6536  664.7733
    1.6573  665.9584
    1.6609  667.1662
    1.6646  668.3958
    1.6683  669.6456
    1.6720  670.9145
    1.6756  672.1976
    1.6793  673.5003
    1.6830  674.8179
    1.6867  676.1488
    1.6904  677.4915
    1.6940  678.8407
    1.6977  680.2024
    1.7014  681.5712
    1.7051  682.9457
    1.7088  684.3241
    1.7124  685.7013
    1.7161  687.0831
    1.7198  688.4643
    1.7235  689.8434
    1.7271  691.2188
    1.7308  692.5854
    1.7345  693.9491
    1.7382  695.3048
    1.7419  696.6512
    1.7455  697.9870
    1.7492  699.3071
    1.7529  700.6176
    1.7566  701.9137
    1.7602  703.1942
    1.7639  704.4581
    1.7676  705.7008
    1.7713  706.9282
    1.7750  708.1359
    1.7786  709.3230
    1.7823  710.4887
    1.7860  711.6292
    1.7897  712.7500
    1.7933  713.8471
    1.7970  714.9202
    1.8007  715.9685
    1.8044  716.9889
    1.8081  717.9865
 
