    0.0000 -187.9351
    0.0080 -187.9244
    0.0160 -187.8924
    0.0240 -187.8390
    0.0320 -187.7645
    0.0400 -187.6689
    0.0480 -187.5526
    0.0560 -187.4156
    0.0640 -187.2583
    0.0720 -187.0810
    0.0800 -186.8838
    0.0880 -186.6672
    0.0960 -186.4314
    0.1040 -186.1767
    0.1120 -185.9035
    0.1200 -185.6120
    0.1280 -185.3024
    0.1360 -184.9752
    0.1440 -184.6305
    0.1520 -184.2687
    0.1600 -183.8901
    0.1680 -183.4948
    0.1760 -183.0834
    0.1840 -182.6561
    0.1920 -182.2134
    0.2000 -181.7558
    0.2080 -181.2836
    0.2160 -180.7976
    0.2240 -180.2984
    0.2320 -179.7867
    0.2400 -179.2634
    0.2480 -178.7294
    0.2560 -178.1858
    0.2640 -177.6337
    0.2720 -177.0744
    0.2800 -176.5093
    0.2880 -175.9397
    0.2960 -175.3674
    0.3040 -174.7939
    0.3120 -174.2211
    0.3200 -173.6507
    0.3280 -173.0848
    0.3360 -172.5252
    0.3440 -171.9741
    0.3520 -171.4335
    0.3600 -170.9055
    0.3680 -170.3923
    0.3760 -169.8960
    0.3840 -169.4185
    0.3920 -168.9621
    0.4000 -168.5287
    0.4080 -168.1203
    0.4160 -167.7387
    0.4240 -167.3857
    0.4320 -167.0630
    0.4400 -166.7721
    0.4480 -166.5143
    0.4560 -166.2909
    0.4640 -166.1031
    0.4720 -165.9517
    0.4800 -165.8375
    0.4880 -165.7610
    0.4960 -165.7227
    0.5040 -165.7227
    0.5120 -165.7610
    0.5200 -165.8375
    0.5280 -165.9517
    0.5360 -166.1031
    0.5440 -166.2909
    0.5520 -166.5143
    0.5600 -166.7721
    0.5680 -167.0630
    0.5760 -167.3857
    0.5840 -167.7387
    0.5920 -168.1203
    0.6000 -168.5287
    0.6080 -168.9621
    0.6160 -169.4185
    0.6240 -169.8960
    0.6320 -170.3923
    0.6400 -170.9055
    0.6480 -171.4335
    0.6560 -171.9741
    0.6640 -172.5252
    0.6720 -173.0848
    0.6800 -173.6507
    0.6880 -174.2211
    0.6960 -174.7939
    0.7040 -175.3674
    0.7120 -175.9397
    0.7200 -176.5093
    0.7280 -177.0744
    0.7360 -177.6337
    0.7440 -178.1858
    0.7520 -178.7294
    0.7600 -179.2634
    0.7680 -179.7867
    0.7760 -180.2984
    0.7840 -180.7976
    0.7920 -181.2836
    0.8000 -181.7558
    0.8080 -182.2134
    0.8160 -182.6561
    0.8240 -183.0834
    0.8320 -183.4948
    0.8400 -183.8901
    0.8480 -184.2687
    0.8560 -184.6305
    0.8640 -184.9752
    0.8720 -185.3024
    0.8800 -185.6120
    0.8880 -185.9035
    0.8960 -186.1767
    0.9040 -186.4314
    0.9120 -186.6672
    0.9200 -186.8838
    0.9280 -187.0810
    0.9360 -187.2583
    0.9440 -187.4156
    0.9520 -187.5526
    0.9600 -187.6689
    0.9680 -187.7645
    0.9760 -187.8390
    0.9840 -187.8924
    0.9920 -187.9244
    1.0000 -187.9351
    1.0064 -187.9282
    1.0129 -187.9075
    1.0193 -187.8731
    1.0257 -187.8250
    1.0321 -187.7633
    1.0385 -187.6879
    1.0450 -187.5992
    1.0514 -187.4972
    1.0578 -187.3820
    1.0642 -187.2535
    1.0707 -187.1123
    1.0771 -186.9583
    1.0835 -186.7914
    1.0899 -186.6124
    1.0963 -186.4210
    1.1028 -186.2174
    1.1092 -186.0016
    1.1156 -185.7742
    1.1220 -185.5351
    1.1285 -185.2845
    1.1349 -185.0221
    1.1413 -184.7488
    1.1477 -184.4644
    1.1542 -184.1686
    1.1606 -183.8624
    1.1670 -183.5456
    1.1734 -183.2184
    1.1798 -182.8803
    1.1863 -182.5326
    1.1927 -182.1751
    1.1991 -181.8080
    1.2055 -181.4309
    1.2120 -181.0453
    1.2184 -180.6510
    1.2248 -180.2484
    1.2312 -179.8371
    1.2376 -179.4189
    1.2441 -178.9937
    1.2505 -178.5612
    1.2569 -178.1234
    1.2633 -177.6802
    1.2698 -177.2324
    1.2762 -176.7798
    1.2826 -176.3246
    1.2890 -175.8669
    1.2954 -175.4075
    1.3019 -174.9466
    1.3083 -174.4865
    1.3147 -174.0275
    1.3211 -173.5698
    1.3276 -173.1157
    1.3340 -172.6658
    1.3404 -172.2209
    1.3468 -171.7816
    1.3533 -171.3501
    1.3597 -170.9270
    1.3661 -170.5134
    1.3725 -170.1097
    1.3789 -169.7182
    1.3854 -169.3394
    1.3918 -168.9738
    1.3982 -168.6236
    1.4046 -168.2892
    1.4111 -167.9716
    1.4175 -167.6712
    1.4239 -167.3900
    1.4303 -167.1282
    1.4367 -166.8867
    1.4432 -166.6659
    1.4496 -166.4671
    1.4560 -166.2907
    1.4624 -166.1369
    1.4689 -166.0067
    1.4753 -165.9003
    1.4817 -165.8181
    1.4881 -165.7601
    1.4946 -165.7268
    1.5010 -165.7182
    1.5074 -165.7343
    1.5138 -165.7751
    1.5175 -165.7707
    1.5212 -165.7576
    1.5249 -165.7358
    1.5285 -165.7052
    1.5322 -165.6660
    1.5359 -165.6181
    1.5396 -165.5616
    1.5432 -165.4968
    1.5469 -165.4233
    1.5506 -165.3415
    1.5543 -165.2513
    1.5580 -165.1530
    1.5616 -165.0468
    1.5653 -164.9324
    1.5690 -164.8100
    1.5727 -164.6799
    1.5763 -164.5422
    1.5800 -164.3974
    1.5837 -164.2448
    1.5874 -164.0850
    1.5911 -163.9182
    1.5947 -163.7445
    1.5984 -163.5645
    1.6021 -163.3775
    1.6058 -163.1840
    1.6094 -162.9843
    1.6131 -162.7786
    1.6168 -162.5676
    1.6205 -162.3503
    1.6242 -162.1275
    1.6278 -161.8994
    1.6315 -161.6661
    1.6352 -161.4285
    1.6389 -161.1855
    1.6425 -160.9379
    1.6462 -160.6858
    1.6499 -160.4296
    1.6536 -160.1700
    1.6573 -159.9059
    1.6609 -159.6381
    1.6646 -159.3668
    1.6683 -159.0922
    1.6720 -158.8144
    1.6756 -158.5345
    1.6793 -158.2509
    1.6830 -157.9648
    1.6867 -157.6762
    1.6904 -157.3853
    1.6940 -157.0930
    1.6977 -156.7980
    1.7014 -156.5011
    1.7051 -156.2026
    1.7088 -155.9025
    1.7124 -155.6019
    1.7161 -155.2993
    1.7198 -154.9955
    1.7235 -154.6908
    1.7271 -154.3853
    1.7308 -154.0800
    1.7345 -153.7733
    1.7382 -153.4661
    1.7419 -153.1587
    1.7455 -152.8511
    1.7492 -152.5444
    1.7529 -152.2369
    1.7566 -151.9296
    1.7602 -151.6226
    1.7639 -151.3161
    1.7676 -151.0111
    1.7713 -150.7058
    1.7750 -150.4015
    1.7786 -150.0980
    1.7823 -149.7956
    1.7860 -149.4952
    1.7897 -149.1953
    1.7933 -148.8968
    1.7970 -148.5998
    1.8007 -148.3045
    1.8044 -148.0117
    1.8081 -147.7201
 
    0.0000 -187.9351
    0.0080 -185.9578
    0.0160 -179.9239
    0.0240 -169.4931
    0.0320 -153.9500
    0.0400 -131.8021
    0.0480  -99.2814
    0.0560  -36.5485
    0.0640   34.1732
    0.0720   38.4169
    0.0800   42.6500
    0.0880   46.8416
    0.0960   50.9985
    0.1040   55.1287
    0.1120   59.2303
    0.1200   63.3015
    0.1280   67.3405
    0.1360   71.3454
    0.1440   75.3146
    0.1520   79.2464
    0.1600   83.1392
    0.1680   86.9914
    0.1760   90.8017
    0.1840   94.5685
    0.1920   98.2906
    0.2000  101.9667
    0.2080  105.5957
    0.2160  109.1764
    0.2240  112.7079
    0.2320  116.1893
    0.2400  119.6195
    0.2480  122.9978
    0.2560  126.3235
    0.2640  129.5958
    0.2720  132.8140
    0.2800  135.9775
    0.2880  139.0855
    0.2960  142.1375
    0.3040  145.1326
    0.3120  148.0701
    0.3200  150.9491
    0.3280  153.7685
    0.3360  156.5270
    0.3440  159.2231
    0.3520  161.8551
    0.3600  164.4206
    0.3680  166.9170
    0.3760  169.3409
    0.3840  171.6885
    0.3920  173.9549
    0.4000  176.1344
    0.4080  178.2202
    0.4160  180.2042
    0.4240  182.0768
    0.4320  183.8270
    0.4400  185.4422
    0.4480  186.9082
    0.4560  188.2093
    0.4640  189.3292
    0.4720  190.2510
    0.4800  190.9589
    0.4880  191.4394
    0.4960  191.6824
    0.5040  191.6824
    0.5120  191.4394
    0.5200  190.9589
    0.5280  190.2510
    0.5360  189.3292
    0.5440  188.2093
    0.5520  186.9082
    0.5600  185.4422
    0.5680  183.8270
    0.5760  182.0768
    0.5840  180.2042
    0.5920  178.2202
    0.6000  176.1344
    0.6080  173.9549
    0.6160  171.6885
    0.6240  169.3409
    0.6320  166.9170
    0.6400  164.4206
    0.6480  161.8551
    0.6560  159.2231
    0.6640  156.5270
    0.6720  153.7685
    0.6800  150.9491
    0.6880  148.0701
    0.6960  145.1326
    0.7040  142.1375
    0.7120  139.0855
    0.7200  135.9775
    0.7280  132.8140
    0.7360  129.5958
    0.7440  126.3235
    0.7520  122.9978
    0.7600  119.6195
    0.7680  116.1893
    0.7760  112.7079
    0.7840  109.1764
    0.7920  105.5957
    0.8000  101.9667
    0.8080   98.2906
    0.8160   94.5685
    0.8240   90.8017
    0.8320   86.9914
    0.8400   83.1392
    0.8480   79.2464
    0.8560   75.3146
    0.8640   71.3454
    0.8720   67.3405
    0.8800   63.3015
    0.8880   59.2303
    0.8960   55.1287
    0.9040   50.9985
    0.9120   46.8416
    0.9200   42.6500
    0.9280   38.4169
    0.9360   34.1732
    0.9440  -36.5485
    0.9520  -99.2814
    0.9600 -131.8021
    0.9680 -153.9500
    0.9760 -169.4931
    0.9840 -179.9239
    0.9920 -185.9578
    1.0000 -187.9351
    1.0064 -186.6636
    1.0129 -182.7994
    1.0193 -176.2213
    1.0257 -166.6697
    1.0321 -153.6951
    1.0385 -136.4523
    1.0450 -113.3272
    1.0514  -79.7724
    1.0578   25.2713
    1.0642   34.2953
    1.0707   37.7015
    1.0771   41.1009
    1.0835   44.4921
    1.0899   47.8416
    1.0963   51.1746
    1.1028   54.4903
    1.1092   57.7930
    1.1156   61.0713
    1.1220   64.3295
    1.1285   67.5667
    1.1349   70.7868
    1.1413   73.9791
    1.1477   77.1476
    1.1542   80.2965
    1.1606   83.4150
    1.1670   86.5074
    1.1734   89.5728
    1.1798   92.6152
    1.1863   95.6246
    1.1927   98.6048
    1.1991  101.5555
    1.2055  104.4803
    1.2120  107.3698
    1.2184  110.2278
    1.2248  113.0540
    1.2312  115.8521
    1.2376  118.6129
    1.2441  121.3405
    1.2505  124.0386
    1.2569  126.6984
    1.2633  129.3238
    1.2698  131.9144
    1.2762  134.4738
    1.2826  136.9937
    1.2890  139.4778
    1.2954  141.9257
    1.3019  144.3407
    1.3083  146.7151
    1.3147  149.0520
    1.3211  151.3545
    1.3276  153.6150
    1.3340  155.8363
    1.3404  158.0177
    1.3468  160.1616
    1.3533  162.2604
    1.3597  164.3161
    1.3661  166.3274
    1.3725  168.2956
    1.3789  170.2128
    1.3854  172.0797
    1.3918  173.8965
    1.3982  175.6547
    1.4046  177.3535
    1.4111  178.9891
    1.4175  180.5593
    1.4239  182.0541
    1.4303  183.4702
    1.4367  184.8012
    1.4432  186.0418
    1.4496  187.1804
    1.4560  188.2109
    1.4624  189.1258
    1.4689  189.9138
    1.4753  190.5679
    1.4817  191.0805
    1.4881  191.4453
    1.4946  191.6563
    1.5010  191.7111
    1.5074  191.6089
    1.5138  191.3507
    1.5175  191.3355
    1.5212  191.2901
    1.5249  191.2148
    1.5285  191.1097
    1.5322  190.9754
    1.5359  190.8127
    1.5396  190.6221
    1.5432  190.4053
    1.5469  190.1622
    1.5506  189.8943
    1.5543  189.6028
    1.5580  189.2891
    1.5616  188.9553
    1.5653  188.6011
    1.5690  188.2288
    1.5727  187.8398
    1.5763  187.4356
    1.5800  187.0187
    1.5837  186.5886
    1.5874  186.1476
    1.5911  185.6973
    1.5947  185.2391
    1.5984  184.7756
    1.6021  184.3057
    1.6058  183.8320
    1.6094  183.3556
    1.6131  182.8779
    1.6168  182.4012
    1.6205  181.9242
    1.6242  181.4490
    1.6278  180.9767
    1.6315  180.5083
    1.6352  180.0459
    1.6389  179.5877
    1.6425  179.1358
    1.6462  178.6909
    1.6499  178.2536
    1.6536  177.8256
    1.6573  177.4053
    1.6609  176.9942
    1.6646  176.5928
    1.6683  176.2014
    1.6720  175.8205
    1.6756  175.4514
    1.6793  175.0922
    1.6830  174.7442
    1.6867  174.4077
    1.6904  174.0828
    1.6940  173.7704
    1.6977  173.4689
    1.7014  173.1794
    1.7051  172.9018
    1.7088  172.6361
    1.7124  172.3831
    1.7161  172.1412
    1.7198  171.9113
    1.7235  171.6932
    1.7271  171.4869
    1.7308  171.2927
    1.7345  171.1096
    1.7382  170.9379
    1.7419  170.7776
    1.7455  170.6284
    1.7492  170.4907
    1.7529  170.3634
    1.7566  170.2469
    1.7602  170.1409
    1.7639  170.0453
    1.7676  169.9601
    1.7713  169.8847
    1.7750  169.8191
    1.7786  169.7631
    1.7823  169.7164
    1.7860  169.6791
    1.7897  169.6506
    1.7933  169.6308
    1.7970  169.6196
    1.8007  169.6166
    1.8044  169.6216
    1.8081  169.6345
 
    0.0000    0.0000
    0.0080    4.2827
    0.0160    8.5643
    0.0240   12.8440
    0.0320   17.1205
    0.0400   21.3929
    0.0480   25.6599
    0.0560   29.9204
    0.0640   34.2144
    0.0720   38.4527
    0.0800   42.6594
    0.0880   46.8712
    0.0960   51.0788
    0.1040   55.2713
    0.1120   59.4469
    0.1200   63.6039
    0.1280   67.7404
    0.1360   71.8546
    0.1440   75.9446
    0.1520   80.0085
    0.1600   84.0442
    0.1680   88.0499
    0.1760   92.0235
    0.1840   95.9631
    0.1920   99.8667
    0.2000  103.7324
    0.2080  107.5583
    0.2160  111.3424
    0.2240  115.0830
    0.2320  118.7783
    0.2400  122.4263
    0.2480  126.0254
    0.2560  129.5739
    0.2640  133.0700
    0.2720  136.5120
    0.2800  139.8982
    0.2880  143.2270
    0.2960  146.4966
    0.3040  149.7052
    0.3120  152.8511
    0.3200  155.9322
    0.3280  158.9466
    0.3360  161.8921
    0.3440  164.7663
    0.3520  167.5664
    0.3600  170.2896
    0.3680  172.9325
    0.3760  175.4913
    0.3840  177.9616
    0.3920  180.3383
    0.4000  182.6155
    0.4080  184.7863
    0.4160  186.8430
    0.4240  188.7764
    0.4320  190.5759
    0.4400  192.2297
    0.4480  193.7246
    0.4560  195.0463
    0.4640  196.1797
    0.4720  197.1097
    0.4800  197.8221
    0.4880  198.3046
    0.4960  198.5482
    0.5040  198.5482
    0.5120  198.3046
    0.5200  197.8221
    0.5280  197.1097
    0.5360  196.1797
    0.5440  195.0463
    0.5520  193.7246
    0.5600  192.2297
    0.5680  190.5759
    0.5760  188.7764
    0.5840  186.8430
    0.5920  184.7863
    0.6000  182.6155
    0.6080  180.3383
    0.6160  177.9616
    0.6240  175.4913
    0.6320  172.9325
    0.6400  170.2896
    0.6480  167.5664
    0.6560  164.7663
    0.6640  161.8921
    0.6720  158.9466
    0.6800  155.9322
    0.6880  152.8511
    0.6960  149.7052
    0.7040  146.4966
    0.7120  143.2270
    0.7200  139.8982
    0.7280  136.5120
    0.7360  133.0700
    0.7440  129.5739
    0.7520  126.0254
    0.7600  122.4263
    0.7680  118.7783
    0.7760  115.0830
    0.7840  111.3424
    0.7920  107.5583
    0.8000  103.7324
    0.8080   99.8667
    0.8160   95.9631
    0.8240   92.0235
    0.8320   88.0499
    0.8400   84.0442
    0.8480   80.0085
    0.8560   75.9446
    0.8640   71.8546
    0.8720   67.7404
    0.8800   63.6039
    0.8880   59.4469
    0.8960   55.2713
    0.9040   51.0788
    0.9120   46.8712
    0.9200   42.6594
    0.9280   38.4527
    0.9360   34.2144
    0.9440   29.9204
    0.9520   25.6599
    0.9600   21.3929
    0.9680   17.1205
    0.9760   12.8440
    0.9840    8.5643
    0.9920    4.2827
    1.0000    0.0000
    1.0064    3.4369
    1.0129    6.8786
    1.0193   10.3139
    1.0257   13.7477
    1.0321   17.1793
    1.0385   20.6135
    1.0450   24.0391
    1.0514   27.4609
    1.0578   30.8780
    1.0642   34.3371
    1.0707   37.7402
    1.0771   41.1216
    1.0835   44.4984
    1.0899   47.8823
    1.0963   51.2573
    1.1028   54.6225
    1.1092   57.9822
    1.1156   61.3251
    1.1220   64.6555
    1.1285   67.9724
    1.1349   71.2800
    1.1413   74.5671
    1.1477   77.8377
    1.1542   81.0959
    1.1606   84.3306
    1.1670   87.5459
    1.1734   90.7406
    1.1798   93.9188
    1.1863   97.0696
    1.1927  100.1968
    1.1991  103.2994
    1.2055  106.3814
    1.2120  109.4320
    1.2184  112.4552
    1.2248  115.4500
    1.2312  118.4200
    1.2376  121.3551
    1.2441  124.2591
    1.2505  127.1354
    1.2569  129.9742
    1.2633  132.7792
    1.2698  135.5495
    1.2762  138.2883
    1.2826  140.9865
    1.2890  143.6472
    1.2954  146.2697
    1.3019  148.8570
    1.3083  151.4001
    1.3147  153.9022
    1.3211  156.3659
    1.3276  158.7826
    1.3340  161.1550
    1.3404  163.4819
    1.3468  165.7654
    1.3533  167.9971
    1.3597  170.1789
    1.3661  172.3090
    1.3725  174.3889
    1.3789  176.4097
    1.3854  178.3724
    1.3918  180.2771
    1.3982  182.1149
    1.4046  183.8853
    1.4111  185.5844
    1.4175  187.2103
    1.4239  188.7530
    1.4303  190.2096
    1.4367  191.5742
    1.4432  192.8418
    1.4496  194.0016
    1.4560  195.0479
    1.4624  195.9742
    1.4689  196.7699
    1.4753  197.4289
    1.4817  197.9442
    1.4881  198.3104
    1.4946  198.5220
    1.5010  198.5770
    1.5074  198.4745
    1.5138  198.2155
    1.5175  198.2277
    1.5212  198.2644
    1.5249  198.3253
    1.5285  198.4107
    1.5322  198.5205
    1.5359  198.6546
    1.5396  198.8130
    1.5432  198.9951
    1.5469  199.2018
    1.5506  199.4325
    1.5543  199.6873
    1.5580  199.9659
    1.5616  200.2675
    1.5653  200.5936
    1.5690  200.9431
    1.5727  201.3161
    1.5763  201.7124
    1.5800  202.1306
    1.5837  202.5729
    1.5874  203.0379
    1.5911  203.5255
    1.5947  204.0355
    1.5984  204.5662
    1.6021  205.1203
    1.6058  205.6961
    1.6094  206.2934
    1.6131  206.9120
    1.6168  207.5497
    1.6205  208.2099
    1.6242  208.8906
    1.6278  209.5914
    1.6315  210.3120
    1.6352  211.0501
    1.6389  211.8094
    1.6425  212.5875
    1.6462  213.3841
    1.6499  214.1989
    1.6536  215.0292
    1.6573  215.8790
    1.6609  216.0282
    1.6646  215.3804
    1.6683  214.7400
    1.6720  214.1075
    1.6756  213.4847
    1.6793  212.8685
    1.6830  212.2609
    1.6867  211.6621
    1.6904  211.0723
    1.6940  210.4932
    1.6977  209.9218
    1.7014  209.3599
    1.7051  208.8076
    1.7088  208.2650
    1.7124  207.7336
    1.7161  207.2107
    1.7198  206.6977
    1.7235  206.1947
    1.7271  205.7018
    1.7308  205.2202
    1.7345  204.7475
    1.7382  204.2848
    1.7419  203.8323
    1.7455  203.3899
    1.7492  202.9588
    1.7529  202.5366
    1.7566  202.1244
    1.7602  201.7222
    1.7639  201.3300
    1.7676  200.9488
    1.7713  200.5763
    1.7750  200.2136
    1.7786  199.8606
    1.7823  199.5173
    1.7860  199.1844
    1.7897  198.8600
    1.7933  198.5450
    1.7970  198.2393
    1.8007  197.9427
    1.8044  197.6560
    1.8081  197.3774
 
    0.0000    0.0000
    0.0080    4.3024
    0.0160    8.6067
    0.0240   12.9058
    0.0320   17.1983
    0.0400   21.4828
    0.0480   25.7602
    0.0560   30.0783
    0.0640   55.4894
    0.0720   62.4209
    0.0800   69.1082
    0.0880   75.6825
    0.0960   82.1566
    0.1040   88.5320
    0.1120   94.8080
    0.1200  100.9835
    0.1280  107.0577
    0.1360  113.0298
    0.1440  118.8996
    0.1520  124.6670
    0.1600  130.3323
    0.1680  135.8958
    0.1760  141.3578
    0.1840  146.7191
    0.1920  151.9802
    0.2000  157.1418
    0.2080  162.2045
    0.2160  167.1689
    0.2240  172.0356
    0.2320  176.8051
    0.2400  181.4779
    0.2480  186.0542
    0.2560  190.5344
    0.2640  194.9185
    0.2720  199.2064
    0.2800  203.3978
    0.2880  207.4918
    0.2960  211.4876
    0.3040  215.3833
    0.3120  219.1766
    0.3200  222.8638
    0.3280  226.4396
    0.3360  229.8961
    0.3440  233.2205
    0.3520  236.3914
    0.3600  239.3697
    0.3680  242.0775
    0.3760  244.3516
    0.3840  245.8955
    0.3920  246.4633
    0.4000  246.2308
    0.4080  245.5663
    0.4160  244.7057
    0.4240  243.7658
    0.4320  242.8081
    0.4400  241.8709
    0.4480  240.9828
    0.4560  240.1677
    0.4640  239.4474
    0.4720  238.8422
    0.4800  238.3699
    0.4880  238.0459
    0.4960  237.8809
    0.5040  237.8809
    0.5120  238.0459
    0.5200  238.3699
    0.5280  238.8422
    0.5360  239.4474
    0.5440  240.1677
    0.5520  240.9828
    0.5600  241.8709
    0.5680  242.8081
    0.5760  243.7658
    0.5840  244.7057
    0.5920  245.5663
    0.6000  246.2308
    0.6080  246.4633
    0.6160  245.8955
    0.6240  244.3516
    0.6320  242.0775
    0.6400  239.3697
    0.6480  236.3914
    0.6560  233.2205
    0.6640  229.8961
    0.6720  226.4396
    0.6800  222.8638
    0.6880  219.1766
    0.6960  215.3833
    0.7040  211.4876
    0.7120  207.4918
    0.7200  203.3978
    0.7280  199.2064
    0.7360  194.9185
    0.7440  190.5344
    0.7520  186.0542
    0.7600  181.4779
    0.7680  176.8051
    0.7760  172.0356
    0.7840  167.1689
    0.7920  162.2045
    0.8000  157.1418
    0.8080  151.9802
    0.8160  146.7191
    0.8240  141.3578
    0.8320  135.8958
    0.8400  130.3323
    0.8480  124.6670
    0.8560  118.8996
    0.8640  113.0298
    0.8720  107.0577
    0.8800  100.9835
    0.8880   94.8080
    0.8960   88.5320
    0.9040   82.1566
    0.9120   75.6825
    0.9200   69.1082
    0.9280   62.4209
    0.9360   55.4894
    0.9440   30.0783
    0.9520   25.7602
    0.9600   21.4828
    0.9680   17.1983
    0.9760   12.9058
    0.9840    8.6067
    0.9920    4.3024
    1.0000    0.0000
    1.0064    3.4515
    1.0129    6.9125
    1.0193   10.3647
    1.0257   13.8132
    1.0321   17.2573
    1.0385   20.7015
    1.0450   24.1353
    1.0514   27.5685
    1.0578   31.4862
    1.0642   55.6994
    1.0707   61.2777
    1.0771   66.6737
    1.0835   71.9971
    1.0899   77.2453
    1.0963   82.4296
    1.1028   87.5503
    1.1092   92.6150
    1.1156   97.6072
    1.1220  102.5345
    1.1285  107.3963
    1.1349  112.1998
    1.1413  116.9300
    1.1477  121.5942
    1.1542  126.1996
    1.1606  130.7321
    1.1670  135.1990
    1.1734  139.6005
    1.1798  143.9438
    1.1863  148.2155
    1.1927  152.4228
    1.1991  156.5661
    1.2055  160.6519
    1.2120  164.6679
    1.2184  168.6208
    1.2248  172.5109
    1.2312  176.3443
    1.2376  180.1094
    1.2441  183.8124
    1.2505  187.4590
    1.2569  191.0380
    1.2633  194.5551
    1.2698  198.0102
    1.2762  201.4085
    1.2826  204.7390
    1.2890  208.0068
    1.2954  211.2111
    1.3019  214.3559
    1.3083  217.4304
    1.3147  220.4377
    1.3211  223.3803
    1.3276  226.2460
    1.3340  229.0352
    1.3404  231.7420
    1.3468  234.3613
    1.3533  236.8708
    1.3597  239.2515
    1.3661  241.4623
    1.3725  243.4317
    1.3789  245.0225
    1.3854  246.0623
    1.3918  246.4603
    1.3982  246.3320
    1.4046  245.8801
    1.4111  245.2532
    1.4175  244.5355
    1.4239  243.7778
    1.4303  243.0086
    1.4367  242.2484
    1.4432  241.5117
    1.4496  240.8142
    1.4560  240.1667
    1.4624  239.5795
    1.4689  239.0648
    1.4753  238.6315
    1.4817  238.2882
    1.4881  238.0419
    1.4946  237.8987
    1.5010  237.8614
    1.5074  237.9309
    1.5138  238.1059
    1.5175  238.0789
    1.5212  237.9981
    1.5249  237.8647
    1.5285  237.6795
    1.5322  237.4445
    1.5359  237.1618
    1.5396  236.8341
    1.5432  236.4651
    1.5469  236.0557
    1.5506  235.6098
    1.5543  235.1303
    1.5580  234.6202
    1.5616  234.0839
    1.5653  233.5211
    1.5690  232.9359
    1.5727  232.3308
    1.5763  231.7081
    1.5800  231.0718
    1.5837  230.4203
    1.5874  229.7574
    1.5911  229.0847
    1.5947  228.4038
    1.5984  227.7182
    1.6021  227.0254
    1.6058  226.3287
    1.6094  225.6291
    1.6131  224.9279
    1.6168  224.2278
    1.6205  223.5260
    1.6242  222.8252
    1.6278  222.1264
    1.6315  221.4301
    1.6352  220.7389
    1.6389  220.0498
    1.6425  219.3651
    1.6462  218.6855
    1.6499  218.0114
    1.6536  217.3450
    1.6573  216.6832
    1.6609  216.7459
    1.6646  217.6293
    1.6683  218.5288
    1.6720  219.4440
    1.6756  220.3718
    1.6793  221.3168
    1.6830  222.2761
    1.6867  223.2489
    1.6904  224.2348
    1.6940  225.2304
    1.6977  226.2403
    1.7014  227.2612
    1.7051  228.2921
    1.7088  229.3321
    1.7124  230.3771
    1.7161  231.4313
    1.7198  232.4903
    1.7235  233.5515
    1.7271  234.6120
    1.7308  235.6648
    1.7345  236.7094
    1.7382  237.7344
    1.7419  238.7267
    1.7455  239.6670
    1.7492  240.5262
    1.7529  241.2768
    1.7566  241.8890
    1.7602  242.3556
    1.7639  242.6937
    1.7676  242.9328
    1.7713  243.1025
    1.7750  243.2241
    1.7786  243.3124
    1.7823  243.3773
    1.7860  243.4254
    1.7897  243.4613
    1.7933  243.4880
    1.7970  243.5077
    1.8007  243.5219
    1.8044  243.0009
    1.8081  242.1479
 
    0.0000    0.0000
    0.0080    7.0996
    0.0160   14.1862
    0.0240   21.2529
    0.0320   28.2910
    0.0400   35.2958
    0.0480   42.2786
    0.0560   49.4396
    0.0640   90.1408
    0.0720  134.1884
    0.0800  167.4226
    0.0880  194.0654
    0.0960  215.2034
    0.1040  231.2908
    0.1120  242.9117
    0.1200  250.9015
    0.1280  256.1686
    0.1360  259.5483
    0.1440  261.7225
    0.1520  263.1688
    0.1600  264.1792
    0.1680  264.9190
    0.1760  265.4800
    0.1840  265.9125
    0.1920  266.2442
    0.2000  266.4893
    0.2080  266.6538
    0.2160  266.7391
    0.2240  266.7435
    0.2320  266.6639
    0.2400  266.4969
    0.2480  266.2401
    0.2560  265.8921
    0.2640  265.4536
    0.2720  264.9271
    0.2800  264.3171
    0.2880  263.6294
    0.2960  262.8707
    0.3040  262.0489
    0.3120  261.1722
    0.3200  260.2495
    0.3280  259.2913
    0.3360  258.3097
    0.3440  257.3211
    0.3520  256.3499
    0.3600  255.4378
    0.3680  254.6647
    0.3760  254.1958
    0.3840  254.3289
    0.3920  254.7795
    0.4000  253.6779
    0.4080  252.5931
    0.4160  251.5327
    0.4240  250.5057
    0.4320  249.5224
    0.4400  248.5943
    0.4480  247.7347
    0.4560  246.9578
    0.4640  246.2784
    0.4720  245.7118
    0.4800  245.2720
    0.4880  244.9712
    0.4960  244.8184
    0.5040  244.8184
    0.5120  244.9712
    0.5200  245.2720
    0.5280  245.7118
    0.5360  246.2784
    0.5440  246.9578
    0.5520  247.7347
    0.5600  248.5943
    0.5680  249.5224
    0.5760  250.5057
    0.5840  251.5327
    0.5920  252.5931
    0.6000  253.6779
    0.6080  254.7795
    0.6160  254.3289
    0.6240  254.1958
    0.6320  254.6647
    0.6400  255.4378
    0.6480  256.3499
    0.6560  257.3211
    0.6640  258.3097
    0.6720  259.2913
    0.6800  260.2495
    0.6880  261.1722
    0.6960  262.0489
    0.7040  262.8707
    0.7120  263.6294
    0.7200  264.3171
    0.7280  264.9271
    0.7360  265.4536
    0.7440  265.8921
    0.7520  266.2401
    0.7600  266.4969
    0.7680  266.6639
    0.7760  266.7435
    0.7840  266.7391
    0.7920  266.6538
    0.8000  266.4893
    0.8080  266.2442
    0.8160  265.9125
    0.8240  265.4800
    0.8320  264.9190
    0.8400  264.1792
    0.8480  263.1688
    0.8560  261.7225
    0.8640  259.5483
    0.8720  256.1686
    0.8800  250.9015
    0.8880  242.9117
    0.8960  231.2908
    0.9040  215.2034
    0.9120  194.0654
    0.9200  167.4226
    0.9280  134.1884
    0.9360   90.1408
    0.9440   49.4396
    0.9520   42.2786
    0.9600   35.2958
    0.9680   28.2910
    0.9760   21.2529
    0.9840   14.1862
    0.9920    7.0996
    1.0000    0.0000
    1.0064    5.6987
    1.0129   11.3976
    1.0193   17.0777
    1.0257   22.7424
    1.0321   28.3876
    1.0385   34.0198
    1.0450   39.6251
    1.0514   45.2423
    1.0578   51.3957
    1.0642   91.6662
    1.0707  127.7324
    1.0771  156.1235
    1.0835  179.7963
    1.0899  199.6213
    1.0963  215.9867
    1.1028  229.1080
    1.1092  239.2900
    1.1156  246.9117
    1.1220  252.4608
    1.1285  256.4016
    1.1349  259.1613
    1.1413  261.0896
    1.1477  262.4641
    1.1542  263.4745
    1.1606  264.2394
    1.1670  264.8369
    1.1734  265.3143
    1.1798  265.7015
    1.1863  266.0157
    1.1927  266.2683
    1.1991  266.4658
    1.2055  266.6115
    1.2120  266.7059
    1.2184  266.7490
    1.2248  266.7394
    1.2312  266.6754
    1.2376  266.5554
    1.2441  266.3779
    1.2505  266.1416
    1.2569  265.8467
    1.2633  265.4937
    1.2698  265.0839
    1.2762  264.6185
    1.2826  264.1018
    1.2890  263.5364
    1.2954  262.9260
    1.3019  262.2734
    1.3083  261.5850
    1.3147  260.8643
    1.3211  260.1149
    1.3276  259.3447
    1.3340  258.5589
    1.3404  257.7655
    1.3468  256.9739
    1.3533  256.2021
    1.3597  255.4734
    1.3661  254.8299
    1.3725  254.3463
    1.3789  254.1559
    1.3854  254.4347
    1.3918  254.8086
    1.3982  253.9232
    1.4046  253.0475
    1.4111  252.1855
    1.4175  251.3399
    1.4239  250.5183
    1.4303  249.7247
    1.4367  248.9650
    1.4432  248.2448
    1.4496  247.5733
    1.4560  246.9569
    1.4624  246.4025
    1.4689  245.9198
    1.4753  245.5154
    1.4817  245.1961
    1.4881  244.9675
    1.4946  244.8349
    1.5010  244.8003
    1.5074  244.8647
    1.5138  245.0269
    1.5175  245.0267
    1.5212  245.0261
    1.5249  245.0250
    1.5285  245.0236
    1.5322  245.0218
    1.5359  245.0196
    1.5396  245.0170
    1.5432  245.0140
    1.5469  245.0106
    1.5506  245.0068
    1.5543  245.0026
    1.5580  244.9981
    1.5616  244.9932
    1.5653  244.9879
    1.5690  244.9823
    1.5727  244.9763
    1.5763  244.9700
    1.5800  244.9634
    1.5837  244.9564
    1.5874  244.9492
    1.5911  244.9416
    1.5947  244.9338
    1.5984  244.9257
    1.6021  244.9173
    1.6058  244.9087
    1.6094  244.8999
    1.6131  244.8909
    1.6168  244.8817
    1.6205  244.8723
    1.6242  244.8628
    1.6278  244.8531
    1.6315  244.8434
    1.6352  244.8336
    1.6389  244.8238
    1.6425  244.8139
    1.6462  244.8042
    1.6499  244.7945
    1.6536  244.7849
    1.6573  244.7755
    1.6609  244.7664
    1.6646  244.7575
    1.6683  244.7491
    1.6720  244.7411
    1.6756  244.7337
    1.6793  244.7270
    1.6830  244.7211
    1.6867  244.7163
    1.6904  244.7126
    1.6940  244.7104
    1.6977  244.7099
    1.7014  244.7116
    1.7051  244.7158
    1.7088  244.7232
    1.7124  244.7345
    1.7161  244.7508
    1.7198  244.7735
    1.7235  244.8044
    1.7271  244.8462
    1.7308  244.9026
    1.7345  244.9793
    1.7382  245.0846
    1.7419  245.2311
    1.7455  245.4378
    1.7492  245.7300
    1.7529  246.1412
    1.7566  246.6976
    1.7602  247.4061
    1.7639  248.2491
    1.7676  249.1936
    1.7713  250.2158
    1.7750  249.9898
    1.7786  249.1021
    1.7823  248.2176
    1.7860  247.3390
    1.7897  246.4619
    1.7933  245.5890
    1.7970  244.7205
    1.8007  243.8570
    1.8044  243.5318
    1.8081  243.5384
 
    0.0000  267.4682
    0.0080  267.4752
    0.0160  267.4972
    0.0240  267.5367
    0.0320  267.5973
    0.0400  267.6840
    0.0480  267.8025
    0.0560  267.9594
    0.0640  268.1630
    0.0720  268.4243
    0.0800  268.7580
    0.0880  269.1854
    0.0960  269.7370
    0.1040  270.4554
    0.1120  271.3913
    0.1200  272.5814
    0.1280  273.9964
    0.1360  275.5077
    0.1440  276.9446
    0.1520  278.1900
    0.1600  279.2058
    0.1680  280.0002
    0.1760  280.0243
    0.1840  279.3753
    0.1920  278.6990
    0.2000  277.9964
    0.2080  277.2683
    0.2160  276.5153
    0.2240  275.7378
    0.2320  274.9362
    0.2400  274.1110
    0.2480  273.2625
    0.2560  272.3911
    0.2640  271.4971
    0.2720  270.5809
    0.2800  269.6431
    0.2880  268.6840
    0.2960  267.7042
    0.3040  266.7045
    0.3120  265.6856
    0.3200  264.6485
    0.3280  263.5943
    0.3360  262.5244
    0.3440  261.4404
    0.3520  260.3442
    0.3600  259.2382
    0.3680  258.1251
    0.3760  257.0082
    0.3840  255.8915
    0.3920  255.3120
    0.4000  256.9708
    0.4080  258.9397
    0.4160  260.9857
    0.4240  262.9959
    0.4320  264.9134
    0.4400  266.7051
    0.4480  268.3480
    0.4560  269.8230
    0.4640  271.1110
    0.4720  272.1910
    0.4800  273.0382
    0.4880  273.6256
    0.4960  273.9273
    0.5040  273.9273
    0.5120  273.6256
    0.5200  273.0382
    0.5280  272.1910
    0.5360  271.1110
    0.5440  269.8230
    0.5520  268.3480
    0.5600  266.7051
    0.5680  264.9134
    0.5760  262.9959
    0.5840  260.9857
    0.5920  258.9397
    0.6000  256.9708
    0.6080  255.3120
    0.6160  255.8915
    0.6240  257.0082
    0.6320  258.1251
    0.6400  259.2382
    0.6480  260.3442
    0.6560  261.4404
    0.6640  262.5244
    0.6720  263.5943
    0.6800  264.6485
    0.6880  265.6856
    0.6960  266.7045
    0.7040  267.7042
    0.7120  268.6840
    0.7200  269.6431
    0.7280  270.5809
    0.7360  271.4971
    0.7440  272.3911
    0.7520  273.2625
    0.7600  274.1110
    0.7680  274.9362
    0.7760  275.7378
    0.7840  276.5153
    0.7920  277.2683
    0.8000  277.9964
    0.8080  278.6990
    0.8160  279.3753
    0.8240  280.0243
    0.8320  280.0002
    0.8400  279.2058
    0.8480  278.1900
    0.8560  276.9446
    0.8640  275.5077
    0.8720  273.9964
    0.8800  272.5814
    0.8880  271.3913
    0.8960  270.4554
    0.9040  269.7370
    0.9120  269.1854
    0.9200  268.7580
    0.9280  268.4243
    0.9360  268.1630
    0.9440  267.9594
    0.9520  267.8025
    0.9600  267.6840
    0.9680  267.5973
    0.9760  267.5367
    0.9840  267.4972
    0.9920  267.4752
    1.0000  267.4682
    1.0064  267.4727
    1.0129  267.4867
    1.0193  267.5111
    1.0257  267.5476
    1.0321  267.5983
    1.0385  267.6660
    1.0450  267.7533
    1.0514  267.8636
    1.0578  268.0008
    1.0642  268.1697
    1.0707  268.3756
    1.0771  268.6262
    1.0835  268.9319
    1.0899  269.3051
    1.0963  269.7638
    1.1028  270.3311
    1.1092  271.0347
    1.1156  271.8964
    1.1220  272.9225
    1.1285  274.0805
    1.1349  275.2970
    1.1413  276.4770
    1.1477  277.5515
    1.1542  278.4857
    1.1606  279.2695
    1.1670  279.9114
    1.1734  280.2283
    1.1798  279.7162
    1.1863  279.1869
    1.1927  278.6403
    1.1991  278.0767
    1.2055  277.4958
    1.2120  276.8996
    1.2184  276.2874
    1.2248  275.6597
    1.2312  275.0154
    1.2376  274.3569
    1.2441  273.6833
    1.2505  272.9937
    1.2569  272.2905
    1.2633  271.5728
    1.2698  270.8408
    1.2762  270.0936
    1.2826  269.3336
    1.2890  268.5602
    1.2954  267.7734
    1.3019  266.9726
    1.3083  266.1604
    1.3147  265.3363
    1.3211  264.4993
    1.3276  263.6527
    1.3340  262.7959
    1.3404  261.9298
    1.3468  261.0539
    1.3533  260.1720
    1.3597  259.2840
    1.3661  258.3913
    1.3725  257.4943
    1.3789  256.5976
    1.3854  255.7020
    1.3918  255.2759
    1.3982  256.5611
    1.4046  258.0911
    1.4111  259.7186
    1.4175  261.3625
    1.4239  262.9713
    1.4303  264.5203
    1.4367  265.9918
    1.4432  267.3750
    1.4496  268.6552
    1.4560  269.8248
    1.4624  270.8755
    1.4689  271.7934
    1.4753  272.5680
    1.4817  273.1857
    1.4881  273.6328
    1.4946  273.8948
    1.5010  273.9632
    1.5074  273.8357
    1.5138  273.5162
    1.5175  273.5406
    1.5212  273.6136
    1.5249  273.7337
    1.5285  273.9002
    1.5322  274.1108
    1.5359  274.3628
    1.5396  274.6534
    1.5432  274.9785
    1.5469  275.3362
    1.5506  275.7222
    1.5543  276.1325
    1.5580  276.5633
    1.5616  277.0092
    1.5653  277.4685
    1.5690  277.9358
    1.5727  278.4066
    1.5763  278.8763
    1.5800  279.3386
    1.5837  279.7909
    1.5874  280.2261
    1.5911  280.6379
    1.5947  281.0196
    1.5984  281.3625
    1.6021  281.6605
    1.6058  281.9038
    1.6094  282.0836
    1.6131  282.1916
    1.6168  282.2207
    1.6205  282.1661
    1.6242  282.0254
    1.6278  281.7992
    1.6315  281.4912
    1.6352  281.1081
    1.6389  280.6551
    1.6425  280.1408
    1.6462  279.5727
    1.6499  278.9580
    1.6536  278.3050
    1.6573  277.6157
    1.6609  276.8968
    1.6646  276.1525
    1.6683  275.3862
    1.6720  274.6009
    1.6756  273.8014
    1.6793  272.9854
    1.6830  272.1570
    1.6867  271.3177
    1.6904  270.4689
    1.6940  269.6140
    1.6977  268.7496
    1.7014  267.8787
    1.7051  267.0021
    1.7088  266.1207
    1.7124  265.2375
    1.7161  264.3482
    1.7198  263.4558
    1.7235  262.5607
    1.7271  261.6636
    1.7308  260.7671
    1.7345  259.8669
    1.7382  258.9659
    1.7419  258.0643
    1.7455  257.1626
    1.7492  256.2635
    1.7529  255.3626
    1.7566  254.4625
    1.7602  253.5637
    1.7639  252.6664
    1.7676  251.7735
    1.7713  250.8804
    1.7750  251.2910
    1.7786  252.4039
    1.7823  253.5442
    1.7860  254.7017
    1.7897  255.8778
    1.7933  257.0660
    1.7970  258.2636
    1.8007  259.4688
    1.8044  260.6767
    1.8081  261.8926
 
    0.0000  276.1549
    0.0080  276.1858
    0.0160  276.2783
    0.0240  276.4322
    0.0320  276.6470
    0.0400  276.9221
    0.0480  277.2564
    0.0560  277.6491
    0.0640  278.0986
    0.0720  278.5473
    0.0800  279.0151
    0.0880  279.5104
    0.0960  280.0312
    0.1040  280.5759
    0.1120  281.1421
    0.1200  281.7253
    0.1280  282.3176
    0.1360  282.6916
    0.1440  282.2845
    0.1520  281.7840
    0.1600  281.2328
    0.1680  280.6443
    0.1760  280.5943
    0.1840  281.0087
    0.1920  281.2646
    0.2000  281.3874
    0.2080  281.4070
    0.2160  281.3539
    0.2240  281.2566
    0.2320  281.1391
    0.2400  281.0208
    0.2480  280.9167
    0.2560  280.8375
    0.2640  280.7900
    0.2720  280.7779
    0.2800  280.8019
    0.2880  280.8608
    0.2960  280.9519
    0.3040  281.0717
    0.3120  281.2164
    0.3200  281.3819
    0.3280  281.5641
    0.3360  281.7590
    0.3440  281.9628
    0.3520  282.1715
    0.3600  282.3812
    0.3680  282.5880
    0.3760  282.7878
    0.3840  282.9764
    0.3920  283.1495
    0.4000  283.3028
    0.4080  283.4321
    0.4160  283.5332
    0.4240  283.6024
    0.4320  283.6367
    0.4400  283.6341
    0.4480  283.5944
    0.4560  283.5201
    0.4640  283.4173
    0.4720  283.2970
    0.4800  283.1762
    0.4880  283.0763
    0.4960  283.0192
    0.5040  283.0192
    0.5120  283.0763
    0.5200  283.1762
    0.5280  283.2970
    0.5360  283.4173
    0.5440  283.5201
    0.5520  283.5944
    0.5600  283.6341
    0.5680  283.6367
    0.5760  283.6024
    0.5840  283.5332
    0.5920  283.4321
    0.6000  283.3028
    0.6080  283.1495
    0.6160  282.9764
    0.6240  282.7878
    0.6320  282.5880
    0.6400  282.3812
    0.6480  282.1715
    0.6560  281.9628
    0.6640  281.7590
    0.6720  281.5641
    0.6800  281.3819
    0.6880  281.2164
    0.6960  281.0717
    0.7040  280.9519
    0.7120  280.8608
    0.7200  280.8019
    0.7280  280.7779
    0.7360  280.7900
    0.7440  280.8375
    0.7520  280.9167
    0.7600  281.0208
    0.7680  281.1391
    0.7760  281.2566
    0.7840  281.3539
    0.7920  281.4070
    0.8000  281.3874
    0.8080  281.2646
    0.8160  281.0087
    0.8240  280.5943
    0.8320  280.6443
    0.8400  281.2328
    0.8480  281.7840
    0.8560  282.2845
    0.8640  282.6916
    0.8720  282.3176
    0.8800  281.7253
    0.8880  281.1421
    0.8960  280.5759
    0.9040  280.0312
    0.9120  279.5104
    0.9200  279.0151
    0.9280  278.5473
    0.9360  278.0986
    0.9440  277.6491
    0.9520  277.2564
    0.9600  276.9221
    0.9680  276.6470
    0.9760  276.4322
    0.9840  276.2783
    0.9920  276.1858
    1.0000  276.1549
    1.0064  276.1748
    1.0129  276.2346
    1.0193  276.3339
    1.0257  276.4726
    1.0321  276.6504
    1.0385  276.8674
    1.0450  277.1225
    1.0514  277.4153
    1.0578  277.7453
    1.0642  278.1123
    1.0707  278.4712
    1.0771  278.8405
    1.0835  279.2285
    1.0899  279.6331
    1.0963  280.0539
    1.1028  280.4900
    1.1092  280.9410
    1.1156  281.4035
    1.1220  281.8752
    1.1285  282.3510
    1.1349  282.7347
    1.1413  282.4364
    1.1477  282.0596
    1.1542  281.6400
    1.1606  281.1920
    1.1670  280.7204
    1.1734  280.4226
    1.1798  280.8144
    1.1863  281.0961
    1.1927  281.2798
    1.1991  281.3793
    1.2055  281.4101
    1.2120  281.3880
    1.2184  281.3286
    1.2248  281.2456
    1.2312  281.1509
    1.2376  281.0548
    1.2441  280.9655
    1.2505  280.8890
    1.2569  280.8304
    1.2633  280.7927
    1.2698  280.7777
    1.2762  280.7860
    1.2826  280.8173
    1.2890  280.8706
    1.2954  280.9445
    1.3019  281.0372
    1.3083  281.1465
    1.3147  281.2703
    1.3211  281.4069
    1.3276  281.5537
    1.3340  281.7088
    1.3404  281.8703
    1.3468  282.0363
    1.3533  282.2043
    1.3597  282.3726
    1.3661  282.5391
    1.3725  282.7020
    1.3789  282.8586
    1.3854  283.0070
    1.3918  283.1452
    1.3982  283.2705
    1.4046  283.3809
    1.4111  283.4742
    1.4175  283.5485
    1.4239  283.6018
    1.4303  283.6325
    1.4367  283.6397
    1.4432  283.6227
    1.4496  283.5822
    1.4560  283.5200
    1.4624  283.4391
    1.4689  283.3454
    1.4753  283.2464
    1.4817  283.1525
    1.4881  283.0750
    1.4946  283.0256
    1.5010  283.0122
    1.5074  283.0370
    1.5138  283.0960
    1.5175  283.1056
    1.5212  283.1342
    1.5249  283.1816
    1.5285  283.2477
    1.5322  283.3323
    1.5359  283.4350
    1.5396  283.5552
    1.5432  283.6920
    1.5469  283.8457
    1.5506  284.0153
    1.5543  284.1999
    1.5580  284.3989
    1.5616  284.6109
    1.5653  284.8362
    1.5690  285.0733
    1.5727  285.3213
    1.5763  285.5793
    1.5800  285.8454
    1.5837  286.1201
    1.5874  286.4015
    1.5911  286.6886
    1.5947  286.9803
    1.5984  287.2746
    1.6021  287.5723
    1.6058  287.8719
    1.6094  288.1730
    1.6131  288.4755
    1.6168  288.7788
    1.6205  289.0850
    1.6242  289.3938
    1.6278  289.7057
    1.6315  290.0208
    1.6352  290.3382
    1.6389  290.6593
    1.6425  290.9827
    1.6462  291.3077
    1.6499  291.6338
    1.6536  291.9594
    1.6573  292.2857
    1.6609  292.6113
    1.6646  292.9357
    1.6683  293.2584
    1.6720  293.5792
    1.6756  293.8969
    1.6793  294.2130
    1.6830  294.5264
    1.6867  294.8369
    1.6904  295.1444
    1.6940  295.4479
    1.6977  295.7491
    1.7014  296.0470
    1.7051  296.3415
    1.7088  296.6327
    1.7124  296.9198
    1.7161  297.2043
    1.7198  297.4854
    1.7235  297.7631
    1.7271  298.0376
    1.7308  298.3081
    1.7345  298.5761
    1.7382  298.8410
    1.7419  299.1028
    1.7455  299.3616
    1.7492  299.6167
    1.7529  299.8698
    1.7566  300.1201
    1.7602  300.3678
    1.7639  300.6128
    1.7676  300.8548
    1.7713  301.0951
    1.7750  301.3331
    1.7786  301.5689
    1.7823  301.8026
    1.7860  302.0337
    1.7897  302.2636
    1.7933  302.4916
    1.7970  302.7179
    1.8007  302.9426
    1.8044  303.1651
    1.8081  303.3867
 
    0.0000  276.1549
    0.0080  276.1919
    0.0160  276.3009
    0.0240  276.4766
    0.0320  276.7119
    0.0400  276.9990
    0.0480  277.3310
    0.0560  277.7024
    0.0640  278.1089
    0.0720  278.6033
    0.0800  279.1611
    0.0880  279.7689
    0.0960  280.4224
    0.1040  281.1129
    0.1120  281.8203
    0.1200  282.4775
    0.1280  282.8420
    0.1360  282.9052
    0.1440  283.4692
    0.1520  283.9910
    0.1600  284.4615
    0.1680  284.8881
    0.1760  285.2932
    0.1840  285.7061
    0.1920  286.1526
    0.2000  286.6474
    0.2080  287.1948
    0.2160  287.7920
    0.2240  288.4341
    0.2320  289.1158
    0.2400  289.8327
    0.2480  290.5807
    0.2560  291.3563
    0.2640  292.1562
    0.2720  292.9771
    0.2800  293.8157
    0.2880  294.6686
    0.2960  295.5321
    0.3040  296.4026
    0.3120  297.2764
    0.3200  298.1495
    0.3280  299.0182
    0.3360  299.8785
    0.3440  300.7266
    0.3520  301.5587
    0.3600  302.3711
    0.3680  303.1602
    0.3760  303.9224
    0.3840  304.6546
    0.3920  305.3534
    0.4000  306.0160
    0.4080  306.6394
    0.4160  307.2211
    0.4240  307.7585
    0.4320  308.2494
    0.4400  308.6915
    0.4480  309.0829
    0.4560  309.4219
    0.4640  309.7070
    0.4720  309.9367
    0.4800  310.1099
    0.4880  310.2259
    0.4960  310.2841
    0.5040  310.2841
    0.5120  310.2259
    0.5200  310.1099
    0.5280  309.9367
    0.5360  309.7070
    0.5440  309.4219
    0.5520  309.0829
    0.5600  308.6915
    0.5680  308.2494
    0.5760  307.7585
    0.5840  307.2211
    0.5920  306.6394
    0.6000  306.0160
    0.6080  305.3534
    0.6160  304.6546
    0.6240  303.9224
    0.6320  303.1602
    0.6400  302.3711
    0.6480  301.5587
    0.6560  300.7266
    0.6640  299.8785
    0.6720  299.0182
    0.6800  298.1495
    0.6880  297.2764
    0.6960  296.4026
    0.7040  295.5321
    0.7120  294.6686
    0.7200  293.8157
    0.7280  292.9771
    0.7360  292.1562
    0.7440  291.3563
    0.7520  290.5807
    0.7600  289.8327
    0.7680  289.1158
    0.7760  288.4341
    0.7840  287.7920
    0.7920  287.1948
    0.8000  286.6474
    0.8080  286.1526
    0.8160  285.7061
    0.8240  285.2932
    0.8320  284.8881
    0.8400  284.4615
    0.8480  283.9910
    0.8560  283.4692
    0.8640  282.9052
    0.8720  282.8420
    0.8800  282.4775
    0.8880  281.8203
    0.8960  281.1129
    0.9040  280.4224
    0.9120  279.7689
    0.9200  279.1611
    0.9280  278.6033
    0.9360  278.1089
    0.9440  277.7024
    0.9520  277.3310
    0.9600  276.9990
    0.9680  276.7119
    0.9760  276.4766
    0.9840  276.3009
    0.9920  276.1919
    1.0000  276.1549
    1.0064  276.1788
    1.0129  276.2497
    1.0193  276.3651
    1.0257  276.5216
    1.0321  276.7155
    1.0385  276.9430
    1.0450  277.1999
    1.0514  277.4834
    1.0578  277.7909
    1.0642  278.1211
    1.0707  278.5143
    1.0771  278.9508
    1.0835  279.4211
    1.0899  279.9218
    1.0963  280.4510
    1.1028  281.0040
    1.1092  281.5723
    1.1156  282.1313
    1.1220  282.6136
    1.1285  282.8462
    1.1349  282.8239
    1.1413  283.2828
    1.1477  283.7180
    1.1542  284.1225
    1.1606  284.4932
    1.1670  284.8360
    1.1734  285.1627
    1.1798  285.4887
    1.1863  285.8280
    1.1927  286.1926
    1.1991  286.5891
    1.2055  287.0202
    1.2120  287.4837
    1.2184  287.9778
    1.2248  288.4997
    1.2312  289.0478
    1.2376  289.6178
    1.2441  290.2086
    1.2505  290.8193
    1.2569  291.4461
    1.2633  292.0883
    1.2698  292.7443
    1.2762  293.4133
    1.2826  294.0915
    1.2890  294.7781
    1.2954  295.4714
    1.3019  296.1704
    1.3083  296.8710
    1.3147  297.5724
    1.3211  298.2737
    1.3276  298.9706
    1.3340  299.6623
    1.3404  300.3468
    1.3468  301.0230
    1.3533  301.6871
    1.3597  302.3380
    1.3661  302.9741
    1.3725  303.5943
    1.3789  304.1952
    1.3854  304.7758
    1.3918  305.3355
    1.3982  305.8710
    1.4046  306.3818
    1.4111  306.8663
    1.4175  307.3240
    1.4239  307.7521
    1.4303  308.1503
    1.4367  308.5173
    1.4432  308.8527
    1.4496  309.1545
    1.4560  309.4223
    1.4624  309.6557
    1.4689  309.8532
    1.4753  310.0146
    1.4817  310.1394
    1.4881  310.2274
    1.4946  310.2779
    1.5010  310.2909
    1.5074  310.2665
    1.5138  310.2046
    1.5175  310.1654
    1.5212  310.0487
    1.5249  309.8581
    1.5285  309.5971
    1.5322  309.2719
    1.5359  308.8891
    1.5396  308.4552
    1.5432  307.9785
    1.5469  307.4628
    1.5506  306.9155
    1.5543  306.3421
    1.5580  305.7481
    1.5616  305.1400
    1.5653  304.5191
    1.5690  303.8917
    1.5727  303.2620
    1.5763  302.6346
    1.5800  302.0159
    1.5837  301.4073
    1.5874  300.8161
    1.5911  300.2480
    1.5947  299.7096
    1.5984  299.2094
    1.6021  298.7523
    1.6058  298.3477
    1.6094  298.0033
    1.6131  297.7265
    1.6168  297.5231
    1.6205  297.3954
    1.6242  297.3447
    1.6278  297.3687
    1.6315  297.4627
    1.6352  297.6196
    1.6389  297.8326
    1.6425  298.0933
    1.6462  298.3940
    1.6499  298.7275
    1.6536  299.0862
    1.6573  299.4667
    1.6609  299.8630
    1.6646  300.2709
    1.6683  300.6870
    1.6720  301.1082
    1.6756  301.5309
    1.6793  301.9551
    1.6830  302.3779
    1.6867  302.7978
    1.6904  303.2134
    1.6940  303.6224
    1.6977  304.0262
    1.7014  304.4228
    1.7051  304.8115
    1.7088  305.1917
    1.7124  305.5620
    1.7161  305.9239
    1.7198  306.2760
    1.7235  306.6182
    1.7271  306.9501
    1.7308  307.2708
    1.7345  307.5818
    1.7382  307.8822
    1.7419  308.1720
    1.7455  308.4510
    1.7492  308.7187
    1.7529  308.9765
    1.7566  309.2236
    1.7602  309.4603
    1.7639  309.6866
    1.7676  309.9020
    1.7713  310.1079
    1.7750  310.3038
    1.7786  310.4898
    1.7823  310.6661
    1.7860  310.8326
    1.7897  310.9902
    1.7933  311.1388
    1.7970  311.2785
    1.8007  311.4096
    1.8044  311.5319
    1.8081  311.6463
 
    0.0000  284.9064
    0.0080  284.9093
    0.0160  284.9236
    0.0240  284.9591
    0.0320  285.0229
    0.0400  285.1178
    0.0480  285.2455
    0.0560  285.4073
    0.0640  285.6051
    0.0720  285.8411
    0.0800  285.9734
    0.0880  285.6593
    0.0960  285.3227
    0.1040  284.9707
    0.1120  284.6221
    0.1200  284.3427
    0.1280  284.3734
    0.1360  284.9349
    0.1440  285.7671
    0.1520  286.7052
    0.1600  287.7048
    0.1680  288.7504
    0.1760  289.8346
    0.1840  290.9529
    0.1920  292.1016
    0.2000  293.2777
    0.2080  294.4785
    0.2160  295.7012
    0.2240  296.9434
    0.2320  298.2024
    0.2400  299.4757
    0.2480  300.7608
    0.2560  302.0551
    0.2640  303.3559
    0.2720  304.6607
    0.2800  305.9667
    0.2880  307.2712
    0.2960  308.5714
    0.3040  309.8643
    0.3120  311.1471
    0.3200  312.4166
    0.3280  313.6697
    0.3360  314.9032
    0.3440  316.1137
    0.3520  317.2977
    0.3600  318.4517
    0.3680  319.5721
    0.3760  320.6550
    0.3840  321.6967
    0.3920  322.6933
    0.4000  323.6408
    0.4080  324.5352
    0.4160  325.3726
    0.4240  326.1492
    0.4320  326.8610
    0.4400  327.5045
    0.4480  328.0761
    0.4560  328.5726
    0.4640  328.9911
    0.4720  329.3291
    0.4800  329.5846
    0.4880  329.7558
    0.4960  329.8417
    0.5040  329.8417
    0.5120  329.7558
    0.5200  329.5846
    0.5280  329.3291
    0.5360  328.9911
    0.5440  328.5726
    0.5520  328.0761
    0.5600  327.5045
    0.5680  326.8610
    0.5760  326.1492
    0.5840  325.3726
    0.5920  324.5352
    0.6000  323.6408
    0.6080  322.6933
    0.6160  321.6967
    0.6240  320.6550
    0.6320  319.5721
    0.6400  318.4517
    0.6480  317.2977
    0.6560  316.1137
    0.6640  314.9032
    0.6720  313.6697
    0.6800  312.4166
    0.6880  311.1471
    0.6960  309.8643
    0.7040  308.5714
    0.7120  307.2712
    0.7200  305.9667
    0.7280  304.6607
    0.7360  303.3559
    0.7440  302.0551
    0.7520  300.7608
    0.7600  299.4757
    0.7680  298.2024
    0.7760  296.9434
    0.7840  295.7012
    0.7920  294.4785
    0.8000  293.2777
    0.8080  292.1016
    0.8160  290.9529
    0.8240  289.8346
    0.8320  288.7504
    0.8400  287.7048
    0.8480  286.7052
    0.8560  285.7671
    0.8640  284.9349
    0.8720  284.3734
    0.8800  284.3427
    0.8880  284.6221
    0.8960  284.9707
    0.9040  285.3227
    0.9120  285.6593
    0.9200  285.9734
    0.9280  285.8411
    0.9360  285.6051
    0.9440  285.4073
    0.9520  285.2455
    0.9600  285.1178
    0.9680  285.0229
    0.9760  284.9591
    0.9840  284.9236
    0.9920  284.9093
    1.0000  284.9064
    1.0064  284.9082
    1.0129  284.9159
    1.0193  284.9350
    1.0257  284.9701
    1.0321  285.0239
    1.0385  285.0981
    1.0450  285.1931
    1.0514  285.3096
    1.0578  285.4486
    1.0642  285.6113
    1.0707  285.7985
    1.0771  286.0119
    1.0835  285.8390
    1.0899  285.5804
    1.0963  285.3080
    1.1028  285.0257
    1.1092  284.7419
    1.1156  284.4794
    1.1220  284.3053
    1.1285  284.3920
    1.1349  284.8333
    1.1413  285.4702
    1.1477  286.1940
    1.1542  286.9687
    1.1606  287.7779
    1.1670  288.6161
    1.1734  289.4797
    1.1798  290.3674
    1.1863  291.2744
    1.1927  292.2005
    1.1991  293.1441
    1.2055  294.1053
    1.2120  295.0796
    1.2184  296.0673
    1.2248  297.0670
    1.2312  298.0790
    1.2376  299.0988
    1.2441  300.1266
    1.2505  301.1628
    1.2569  302.2027
    1.2633  303.2468
    1.2698  304.2935
    1.2762  305.3431
    1.2826  306.3910
    1.2890  307.4373
    1.2954  308.4806
    1.3019  309.5209
    1.3083  310.5537
    1.3147  311.5788
    1.3211  312.5963
    1.3276  313.6013
    1.3340  314.5938
    1.3404  315.5720
    1.3468  316.5357
    1.3533  317.4801
    1.3597  318.4047
    1.3661  319.3078
    1.3725  320.1888
    1.3789  321.0428
    1.3854  321.8694
    1.3918  322.6677
    1.3982  323.4332
    1.4046  324.1651
    1.4111  324.8614
    1.4175  325.5210
    1.4239  326.1399
    1.4303  326.7171
    1.4367  327.2507
    1.4432  327.7397
    1.4496  328.1808
    1.4560  328.5731
    1.4624  328.9157
    1.4689  329.2062
    1.4753  329.4440
    1.4817  329.6281
    1.4881  329.7579
    1.4946  329.8325
    1.5010  329.8518
    1.5074  329.8158
    1.5138  329.7243
    1.5175  329.7253
    1.5212  329.7284
    1.5249  329.7335
    1.5285  329.7406
    1.5322  329.7498
    1.5359  329.7611
    1.5396  329.7743
    1.5432  329.7896
    1.5469  329.8069
    1.5506  329.8263
    1.5543  329.8476
    1.5580  329.8710
    1.5616  329.8964
    1.5653  329.9238
    1.5690  329.9532
    1.5727  329.9847
    1.5763  330.0181
    1.5800  330.0534
    1.5837  330.0907
    1.5874  330.1301
    1.5911  330.1714
    1.5947  330.2146
    1.5984  330.2597
    1.6021  330.3068
    1.6058  330.3558
    1.6094  330.4068
    1.6131  330.4596
    1.6168  330.5141
    1.6205  330.5707
    1.6242  330.6291
    1.6278  330.6893
    1.6315  330.7513
    1.6352  330.8150
    1.6389  330.8806
    1.6425  330.9480
    1.6462  331.0170
    1.6499  331.0878
    1.6536  331.1601
    1.6573  331.2343
    1.6609  331.3100
    1.6646  331.3874
    1.6683  331.4664
    1.6720  331.5469
    1.6756  331.6287
    1.6793  331.7122
    1.6830  331.7972
    1.6867  331.8836
    1.6904  331.9715
    1.6940  332.0604
    1.6977  332.1509
    1.7014  332.2426
    1.7051  332.3356
    1.7088  332.4298
    1.7124  332.5249
    1.7161  332.6214
    1.7198  332.7189
    1.7235  332.8175
    1.7271  332.9170
    1.7308  333.0172
    1.7345  333.1186
    1.7382  333.2207
    1.7419  333.3237
    1.7455  333.4274
    1.7492  333.5315
    1.7529  333.6365
    1.7566  333.7420
    1.7602  333.8481
    1.7639  333.9546
    1.7676  334.0612
    1.7713  334.1684
    1.7750  334.2759
    1.7786  334.3836
    1.7823  334.4915
    1.7860  334.5991
    1.7897  334.7071
    1.7933  334.8150
    1.7970  334.9229
    1.8007  335.0305
    1.8044  335.1376
    1.8081  335.2448
 
    0.0000  287.5197
    0.0080  287.5039
    0.0160  287.4567
    0.0240  287.3780
    0.0320  287.2681
    0.0400  287.1272
    0.0480  286.9555
    0.0560  286.7537
    0.0640  286.5221
    0.0720  286.2616
    0.0800  286.1184
    0.0880  286.4404
    0.0960  286.8109
    0.1040  287.2340
    0.1120  287.7135
    0.1200  288.2533
    0.1280  288.8558
    0.1360  289.5217
    0.1440  290.2491
    0.1520  291.0338
    0.1600  291.8704
    0.1680  292.7543
    0.1760  293.6819
    0.1840  294.6503
    0.1920  295.6572
    0.2000  296.6998
    0.2080  297.7754
    0.2160  298.8811
    0.2240  300.0136
    0.2320  301.1700
    0.2400  302.3468
    0.2480  303.5409
    0.2560  304.7491
    0.2640  305.9680
    0.2720  307.1944
    0.2800  308.4251
    0.2880  309.6568
    0.2960  310.8862
    0.3040  312.1100
    0.3120  313.3248
    0.3200  314.5274
    0.3280  315.7142
    0.3360  316.8819
    0.3440  318.0269
    0.3520  319.1459
    0.3600  320.2352
    0.3680  321.2914
    0.3760  322.3108
    0.3840  323.2899
    0.3920  324.2251
    0.4000  325.1130
    0.4080  325.9500
    0.4160  326.7327
    0.4240  327.4578
    0.4320  328.1220
    0.4400  328.7221
    0.4480  329.2551
    0.4560  329.7181
    0.4640  330.1086
    0.4720  330.4241
    0.4800  330.6626
    0.4880  330.8226
    0.4960  330.9029
    0.5040  330.9029
    0.5120  330.8226
    0.5200  330.6626
    0.5280  330.4241
    0.5360  330.1086
    0.5440  329.7181
    0.5520  329.2551
    0.5600  328.7221
    0.5680  328.1220
    0.5760  327.4578
    0.5840  326.7327
    0.5920  325.9500
    0.6000  325.1130
    0.6080  324.2251
    0.6160  323.2899
    0.6240  322.3108
    0.6320  321.2914
    0.6400  320.2352
    0.6480  319.1459
    0.6560  318.0269
    0.6640  316.8819
    0.6720  315.7142
    0.6800  314.5274
    0.6880  313.3248
    0.6960  312.1100
    0.7040  310.8862
    0.7120  309.6568
    0.7200  308.4251
    0.7280  307.1944
    0.7360  305.9680
    0.7440  304.7491
    0.7520  303.5409
    0.7600  302.3468
    0.7680  301.1700
    0.7760  300.0136
    0.7840  298.8811
    0.7920  297.7754
    0.8000  296.6998
    0.8080  295.6572
    0.8160  294.6503
    0.8240  293.6819
    0.8320  292.7543
    0.8400  291.8704
    0.8480  291.0338
    0.8560  290.2491
    0.8640  289.5217
    0.8720  288.8558
    0.8800  288.2533
    0.8880  287.7135
    0.8960  287.2340
    0.9040  286.8109
    0.9120  286.4404
    0.9200  286.1184
    0.9280  286.2616
    0.9360  286.5221
    0.9440  286.7537
    0.9520  286.9555
    0.9600  287.1272
    0.9680  287.2681
    0.9760  287.3780
    0.9840  287.4567
    0.9920  287.5039
    1.0000  287.5197
    1.0064  287.5095
    1.0129  287.4790
    1.0193  287.4283
    1.0257  287.3574
    1.0321  287.2663
    1.0385  287.1552
    1.0450  287.0243
    1.0514  286.8739
    1.0578  286.7041
    1.0642  286.5150
    1.0707  286.3076
    1.0771  286.0821
    1.0835  286.2536
    1.0899  286.5248
    1.0963  286.8278
    1.1028  287.1648
    1.1092  287.5384
    1.1156  287.9495
    1.1220  288.4002
    1.1285  288.8916
    1.1349  289.4247
    1.1413  289.9970
    1.1477  290.6072
    1.1542  291.2537
    1.1606  291.9319
    1.1670  292.6403
    1.1734  293.3770
    1.1798  294.1418
    1.1863  294.9310
    1.1927  295.7444
    1.1991  296.5808
    1.2055  297.4400
    1.2120  298.3178
    1.2184  299.2139
    1.2248  300.1268
    1.2312  301.0563
    1.2376  301.9977
    1.2441  302.9509
    1.2505  303.9156
    1.2569  304.8872
    1.2633  305.8656
    1.2698  306.8489
    1.2762  307.8371
    1.2826  308.8255
    1.2890  309.8137
    1.2954  310.8003
    1.3019  311.7849
    1.3083  312.7628
    1.3147  313.7337
    1.3211  314.6975
    1.3276  315.6494
    1.3340  316.5890
    1.3404  317.5147
    1.3468  318.4259
    1.3533  319.3181
    1.3597  320.1909
    1.3661  321.0424
    1.3725  321.8721
    1.3789  322.6754
    1.3854  323.4520
    1.3918  324.2011
    1.3982  324.9186
    1.4046  325.6038
    1.4111  326.2550
    1.4175  326.8713
    1.4239  327.4491
    1.4303  327.9877
    1.4367  328.4855
    1.4432  328.9415
    1.4496  329.3528
    1.4560  329.7186
    1.4624  330.0383
    1.4689  330.3093
    1.4753  330.5313
    1.4817  330.7032
    1.4881  330.8245
    1.4946  330.8943
    1.5010  330.9123
    1.5074  330.8786
    1.5138  330.7932
    1.5175  330.8367
    1.5212  330.9663
    1.5249  331.1783
    1.5285  331.4697
    1.5322  331.8342
    1.5359  332.2658
    1.5396  332.7581
    1.5432  333.3032
    1.5469  333.8982
    1.5506  334.5363
    1.5543  335.2126
    1.5580  335.9228
    1.5616  336.6610
    1.5653  337.4280
    1.5690  338.2191
    1.5727  339.0318
    1.5763  339.8639
    1.5800  340.7113
    1.5837  341.5770
    1.5874  342.4572
    1.5911  343.3508
    1.5947  344.2564
    1.5984  345.1704
    1.6021  346.0966
    1.6058  347.0312
    1.6094  347.9722
    1.6131  348.9171
    1.6168  349.8587
    1.6205  350.7930
    1.6242  351.6969
    1.6278  352.5261
    1.6315  353.2241
    1.6352  353.7940
    1.6389  354.2944
    1.6425  354.7612
    1.6462  355.2110
    1.6499  355.6509
    1.6536  356.0826
    1.6573  356.5101
    1.6609  356.9327
    1.6646  357.3506
    1.6683  357.7637
    1.6720  358.1718
    1.6756  358.5737
    1.6793  358.9712
    1.6830  359.3628
    1.6867  359.7484
    1.6904  360.1275
    1.6940  360.4989
    1.6977  360.8642
    1.7014  361.2221
    1.7051  361.5723
    1.7088  361.9146
    1.7124  362.2478
    1.7161  362.5733
    1.7198  362.8901
    1.7235  363.1979
    1.7271  363.4965
    1.7308  363.7848
    1.7345  364.0644
    1.7382  364.3341
    1.7419  364.5939
    1.7455  364.8436
    1.7492  365.0823
    1.7529  365.3114
    1.7566  365.5300
    1.7602  365.7380
    1.7639  365.9354
    1.7676  366.1217
    1.7713  366.2978
    1.7750  366.4631
    1.7786  366.6178
    1.7823  366.7617
    1.7860  366.8946
    1.7897  367.0173
    1.7933  367.1294
    1.7970  367.2310
    1.8007  367.3223
    1.8044  367.4031
    1.8081  367.4741
 
    0.0000  287.5197
    0.0080  287.7005
    0.0160  288.2418
    0.0240  289.1467
    0.0320  290.4291
    0.0400  292.1090
    0.0480  294.1814
    0.0560  296.4477
    0.0640  298.0392
    0.0720  298.6117
    0.0800  298.8330
    0.0880  298.9823
    0.0960  299.1490
    0.1040  299.3805
    0.1120  299.7148
    0.1200  300.1882
    0.1280  300.8335
    0.1360  301.6759
    0.1440  302.7258
    0.1520  303.9741
    0.1600  305.3939
    0.1680  306.9476
    0.1760  308.5945
    0.1840  310.2976
    0.1920  312.0262
    0.2000  313.7563
    0.2080  315.4699
    0.2160  317.1536
    0.2240  318.7980
    0.2320  320.3963
    0.2400  321.9440
    0.2480  323.4384
    0.2560  324.8777
    0.2640  326.2616
    0.2720  327.5901
    0.2800  328.8643
    0.2880  330.0855
    0.2960  331.2553
    0.3040  332.3755
    0.3120  333.4479
    0.3200  334.4741
    0.3280  335.4555
    0.3360  336.3930
    0.3440  337.2870
    0.3520  338.1374
    0.3600  338.9432
    0.3680  339.7031
    0.3760  340.4154
    0.3840  341.0779
    0.3920  341.6884
    0.4000  342.2451
    0.4080  342.7465
    0.4160  343.1919
    0.4240  343.5815
    0.4320  343.9167
    0.4400  344.1997
    0.4480  344.4336
    0.4560  344.6225
    0.4640  344.7706
    0.4720  344.8824
    0.4800  344.9621
    0.4880  345.0131
    0.4960  345.0379
    0.5040  345.0379
    0.5120  345.0131
    0.5200  344.9621
    0.5280  344.8824
    0.5360  344.7706
    0.5440  344.6225
    0.5520  344.4336
    0.5600  344.1997
    0.5680  343.9167
    0.5760  343.5815
    0.5840  343.1919
    0.5920  342.7465
    0.6000  342.2451
    0.6080  341.6884
    0.6160  341.0779
    0.6240  340.4154
    0.6320  339.7031
    0.6400  338.9432
    0.6480  338.1374
    0.6560  337.2870
    0.6640  336.3930
    0.6720  335.4555
    0.6800  334.4741
    0.6880  333.4479
    0.6960  332.3755
    0.7040  331.2553
    0.7120  330.0855
    0.7200  328.8643
    0.7280  327.5901
    0.7360  326.2616
    0.7440  324.8777
    0.7520  323.4384
    0.7600  321.9440
    0.7680  320.3963
    0.7760  318.7980
    0.7840  317.1536
    0.7920  315.4699
    0.8000  313.7563
    0.8080  312.0262
    0.8160  310.2976
    0.8240  308.5945
    0.8320  306.9476
    0.8400  305.3939
    0.8480  303.9741
    0.8560  302.7258
    0.8640  301.6759
    0.8720  300.8335
    0.8800  300.1882
    0.8880  299.7148
    0.8960  299.3805
    0.9040  299.1490
    0.9120  298.9823
    0.9200  298.8330
    0.9280  298.6117
    0.9360  298.0392
    0.9440  296.4477
    0.9520  294.1814
    0.9600  292.1090
    0.9680  290.4291
    0.9760  289.1467
    0.9840  288.2418
    0.9920  287.7005
    1.0000  287.5197
    1.0064  287.6362
    1.0129  287.9856
    1.0193  288.5672
    1.0257  289.3855
    1.0321  290.4495
    1.0385  291.7722
    1.0450  293.3517
    1.0514  295.1450
    1.0578  296.9082
    1.0642  298.0665
    1.0707  298.5534
    1.0771  298.7681
    1.0835  298.9002
    1.0899  299.0186
    1.0963  299.1572
    1.1028  299.3388
    1.1092  299.5834
    1.1156  299.9091
    1.1220  300.3344
    1.1285  300.8755
    1.1349  301.5456
    1.1413  302.3484
    1.1477  303.2828
    1.1542  304.3402
    1.1606  305.5007
    1.1670  306.7454
    1.1734  308.0534
    1.1798  309.4070
    1.1863  310.7845
    1.1927  312.1735
    1.1991  313.5622
    1.2055  314.9434
    1.2120  316.3056
    1.2184  317.6452
    1.2248  318.9579
    1.2312  320.2426
    1.2376  321.4929
    1.2441  322.7092
    1.2505  323.8923
    1.2569  325.0379
    1.2633  326.1478
    1.2698  327.2220
    1.2762  328.2626
    1.2826  329.2670
    1.2890  330.2375
    1.2954  331.1751
    1.3019  332.0820
    1.3083  332.9564
    1.3147  333.8006
    1.3211  334.6166
    1.3276  335.4027
    1.3340  336.1604
    1.3404  336.8901
    1.3468  337.5928
    1.3533  338.2662
    1.3597  338.9108
    1.3661  339.5260
    1.3725  340.1116
    1.3789  340.6648
    1.3854  341.1854
    1.3918  341.6731
    1.3982  342.1253
    1.4046  342.5421
    1.4111  342.9229
    1.4175  343.2682
    1.4239  343.5770
    1.4303  343.8507
    1.4367  344.0905
    1.4432  344.2980
    1.4496  344.4746
    1.4560  344.6227
    1.4624  344.7447
    1.4689  344.8426
    1.4753  344.9188
    1.4817  344.9752
    1.4881  345.0137
    1.4946  345.0353
    1.5010  345.0408
    1.5074  345.0305
    1.5138  345.0038
    1.5175  345.0147
    1.5212  345.0474
    1.5249  345.1016
    1.5285  345.1774
    1.5322  345.2745
    1.5359  345.3925
    1.5396  345.5310
    1.5432  345.6892
    1.5469  345.8673
    1.5506  346.0646
    1.5543  346.2803
    1.5580  346.5138
    1.5616  346.7637
    1.5653  347.0307
    1.5690  347.3135
    1.5727  347.6111
    1.5763  347.9230
    1.5800  348.2474
    1.5837  348.5853
    1.5874  348.9352
    1.5911  349.2964
    1.5947  349.6682
    1.5984  350.0491
    1.6021  350.4408
    1.6058  350.8421
    1.6094  351.2535
    1.6131  351.6765
    1.6168  352.1130
    1.6205  352.5736
    1.6242  353.0765
    1.6278  353.6648
    1.6315  354.3942
    1.6352  355.2566
    1.6389  356.2004
    1.6425  357.1849
    1.6462  358.1926
    1.6499  359.2158
    1.6536  360.2476
    1.6573  361.2917
    1.6609  362.3438
    1.6646  363.4031
    1.6683  364.4690
    1.6720  365.5409
    1.6756  366.6155
    1.6793  367.6983
    1.6830  368.7861
    1.6867  369.8786
    1.6904  370.9755
    1.6940  372.0735
    1.6977  373.1784
    1.7014  374.2869
    1.7051  375.3988
    1.7088  376.5139
    1.7124  377.6288
    1.7161  378.7494
    1.7198  379.8724
    1.7235  380.9976
    1.7271  382.1247
    1.7308  383.2504
    1.7345  384.3807
    1.7382  385.5121
    1.7419  386.6445
    1.7455  387.7777
    1.7492  388.9082
    1.7529  390.0420
    1.7566  390.6077
    1.7602  390.0706
    1.7639  389.5261
    1.7676  388.9756
    1.7713  388.4162
    1.7750  387.8494
    1.7786  387.2753
    1.7823  386.6940
    1.7860  386.1071
    1.7897  385.5114
    1.7933  384.9087
    1.7970  384.2989
    1.8007  383.6822
    1.8044  383.0604
    1.8081  382.4300
 
    0.0000  299.8463
    0.0080  299.8440
    0.0160  299.8385
    0.0240  299.8351
    0.0320  299.8457
    0.0400  299.8980
    0.0480  300.0723
    0.0560  300.6820
    0.0640  302.7706
    0.0720  306.9443
    0.0800  312.9100
    0.0880  320.8634
    0.0960  331.1639
    0.1040  343.9131
    0.1120  358.6824
    0.1200  374.5762
    0.1280  390.5333
    0.1360  405.5692
    0.1440  418.9088
    0.1520  430.1030
    0.1600  438.3396
    0.1680  437.6010
    0.1760  436.8387
    0.1840  436.0541
    0.1920  435.2488
    0.2000  434.4243
    0.2080  433.5823
    0.2160  432.7244
    0.2240  431.8522
    0.2320  430.9675
    0.2400  430.0718
    0.2480  429.1671
    0.2560  428.2549
    0.2640  427.3371
    0.2720  426.4155
    0.2800  425.4920
    0.2880  424.5685
    0.2960  423.6469
    0.3040  422.7293
    0.3120  421.8177
    0.3200  420.9143
    0.3280  420.0212
    0.3360  419.1409
    0.3440  418.2755
    0.3520  417.4276
    0.3600  416.5998
    0.3680  415.7947
    0.3760  415.0150
    0.3840  414.2636
    0.3920  413.5433
    0.4000  412.8572
    0.4080  412.2082
    0.4160  411.5994
    0.4240  411.0337
    0.4320  410.5143
    0.4400  410.0439
    0.4480  409.6254
    0.4560  409.2613
    0.4640  408.9541
    0.4720  408.7056
    0.4800  408.5177
    0.4880  408.3917
    0.4960  408.3284
    0.5040  408.3284
    0.5120  408.3917
    0.5200  408.5177
    0.5280  408.7056
    0.5360  408.9541
    0.5440  409.2613
    0.5520  409.6254
    0.5600  410.0439
    0.5680  410.5143
    0.5760  411.0337
    0.5840  411.5994
    0.5920  412.2082
    0.6000  412.8572
    0.6080  413.5433
    0.6160  414.2636
    0.6240  415.0150
    0.6320  415.7947
    0.6400  416.5998
    0.6480  417.4276
    0.6560  418.2755
    0.6640  419.1409
    0.6720  420.0212
    0.6800  420.9143
    0.6880  421.8177
    0.6960  422.7293
    0.7040  423.6469
    0.7120  424.5685
    0.7200  425.4920
    0.7280  426.4155
    0.7360  427.3371
    0.7440  428.2549
    0.7520  429.1671
    0.7600  430.0718
    0.7680  430.9675
    0.7760  431.8522
    0.7840  432.7244
    0.7920  433.5823
    0.8000  434.4243
    0.8080  435.2488
    0.8160  436.0541
    0.8240  436.8387
    0.8320  437.6010
    0.8400  438.3396
    0.8480  430.1030
    0.8560  418.9088
    0.8640  405.5692
    0.8720  390.5333
    0.8800  374.5762
    0.8880  358.6824
    0.8960  343.9131
    0.9040  331.1639
    0.9120  320.8634
    0.9200  312.9100
    0.9280  306.9443
    0.9360  302.7706
    0.9440  300.6820
    0.9520  300.0723
    0.9600  299.8980
    0.9680  299.8457
    0.9760  299.8351
    0.9840  299.8385
    0.9920  299.8440
    1.0000  299.8463
    1.0064  299.8448
    1.0129  299.8408
    1.0193  299.8364
    1.0257  299.8356
    1.0321  299.8461
    1.0385  299.8830
    1.0450  299.9814
    1.0514  300.2386
    1.0578  300.9717
    1.0642  302.8633
    1.0707  306.1123
    1.0771  310.5131
    1.0835  316.1225
    1.0899  323.1105
    1.0963  331.6569
    1.1028  341.7872
    1.1092  353.3139
    1.1156  365.7785
    1.1220  378.6609
    1.1285  391.4119
    1.1349  403.5514
    1.1413  414.6322
    1.1477  424.3934
    1.1542  432.7301
    1.1606  438.2878
    1.1670  437.6956
    1.1734  437.0880
    1.1798  436.4648
    1.1863  435.8286
    1.1927  435.1794
    1.1991  434.5180
    1.2055  433.8441
    1.2120  433.1606
    1.2184  432.4674
    1.2248  431.7654
    1.2312  431.0542
    1.2376  430.3371
    1.2441  429.6137
    1.2505  428.8838
    1.2569  428.1507
    1.2633  427.4141
    1.2698  426.6750
    1.2762  425.9331
    1.2826  425.1918
    1.2890  424.4508
    1.2954  423.7113
    1.3019  422.9731
    1.3083  422.2396
    1.3147  421.5107
    1.3211  420.7863
    1.3276  420.0701
    1.3340  419.3618
    1.3404  418.6629
    1.3468  417.9734
    1.3533  417.2969
    1.3597  416.6336
    1.3661  415.9847
    1.3725  415.3509
    1.3789  414.7355
    1.3854  414.1389
    1.3918  413.5618
    1.3982  413.0076
    1.4046  412.4769
    1.4111  411.9712
    1.4175  411.4914
    1.4239  411.0405
    1.4303  410.6194
    1.4367  410.2295
    1.4432  409.8717
    1.4496  409.5486
    1.4560  409.2609
    1.4624  409.0094
    1.4689  408.7960
    1.4753  408.6212
    1.4817  408.4857
    1.4881  408.3901
    1.4946  408.3352
    1.5010  408.3210
    1.5074  408.3475
    1.5138  408.4149
    1.5175  408.4107
    1.5212  408.3983
    1.5249  408.3778
    1.5285  408.3489
    1.5322  408.3118
    1.5359  408.2664
    1.5396  408.2128
    1.5432  408.1511
    1.5469  408.0811
    1.5506  408.0027
    1.5543  407.9161
    1.5580  407.8213
    1.5616  407.7185
    1.5653  407.6072
    1.5690  407.4877
    1.5727  407.3599
    1.5763  407.2239
    1.5800  407.0800
    1.5837  406.9276
    1.5874  406.7669
    1.5911  406.5979
    1.5947  406.4208
    1.5984  406.2359
    1.6021  406.0424
    1.6058  405.8406
    1.6094  405.6306
    1.6131  405.4124
    1.6168  405.1866
    1.6205  404.9520
    1.6242  404.7093
    1.6278  404.4583
    1.6315  404.1992
    1.6352  403.9326
    1.6389  403.6571
    1.6425  403.3735
    1.6462  403.0817
    1.6499  402.7818
    1.6536  402.4746
    1.6573  402.1584
    1.6609  401.8341
    1.6646  401.5018
    1.6683  401.1613
    1.6720  400.8127
    1.6756  400.4570
    1.6793  400.0923
    1.6830  399.7195
    1.6867  399.3388
    1.6904  398.9499
    1.6940  398.5542
    1.6977  398.1494
    1.7014  397.7367
    1.7051  397.3160
    1.7088  396.8873
    1.7124  396.4519
    1.7161  396.0075
    1.7198  395.5552
    1.7235  395.0950
    1.7271  394.6270
    1.7308  394.1525
    1.7345  393.6690
    1.7382  393.1777
    1.7419  392.6787
    1.7455  392.1720
    1.7492  391.6591
    1.7529  391.1372
    1.7566  391.1759
    1.7602  392.3094
    1.7639  393.4426
    1.7676  394.5719
    1.7713  395.7033
    1.7750  396.8335
    1.7786  397.9623
    1.7823  399.0895
    1.7860  400.2117
    1.7897  401.3348
    1.7933  402.4555
    1.7970  403.5737
    1.8007  404.6891
    1.8044  405.7983
    1.8081  406.9073
 
    0.0000  446.1880
    0.0080  446.1668
    0.0160  446.1033
    0.0240  445.9977
    0.0320  445.8501
    0.0400  445.6610
    0.0480  445.4307
    0.0560  445.1599
    0.0640  444.8491
    0.0720  444.4991
    0.0800  444.1106
    0.0880  443.6845
    0.0960  443.2219
    0.1040  442.7237
    0.1120  442.1910
    0.1200  441.6250
    0.1280  441.0268
    0.1360  440.3979
    0.1440  439.7395
    0.1520  439.0529
    0.1600  439.1002
    0.1680  446.1673
    0.1760  451.6987
    0.1840  456.0627
    0.1920  459.5433
    0.2000  462.3416
    0.2080  464.5968
    0.2160  466.4063
    0.2240  467.8415
    0.2320  468.9572
    0.2400  469.7988
    0.2480  470.4063
    0.2560  470.8159
    0.2640  471.0623
    0.2720  471.1783
    0.2800  471.1961
    0.2880  471.1465
    0.2960  471.0600
    0.3040  470.9659
    0.3120  470.8928
    0.3200  470.8684
    0.3280  470.9186
    0.3360  471.0670
    0.3440  471.3341
    0.3520  471.7354
    0.3600  472.2796
    0.3680  472.9659
    0.3760  473.7812
    0.3840  474.6979
    0.3920  475.6724
    0.4000  476.6495
    0.4080  477.5708
    0.4160  478.3883
    0.4240  479.0752
    0.4320  479.6269
    0.4400  480.0553
    0.4480  480.3799
    0.4560  480.6213
    0.4640  480.7975
    0.4720  480.9228
    0.4800  481.0082
    0.4880  481.0611
    0.4960  481.0864
    0.5040  481.0864
    0.5120  481.0611
    0.5200  481.0082
    0.5280  480.9228
    0.5360  480.7975
    0.5440  480.6213
    0.5520  480.3799
    0.5600  480.0553
    0.5680  479.6269
    0.5760  479.0752
    0.5840  478.3883
    0.5920  477.5708
    0.6000  476.6495
    0.6080  475.6724
    0.6160  474.6979
    0.6240  473.7812
    0.6320  472.9659
    0.6400  472.2796
    0.6480  471.7354
    0.6560  471.3341
    0.6640  471.0670
    0.6720  470.9186
    0.6800  470.8684
    0.6880  470.8928
    0.6960  470.9659
    0.7040  471.0600
    0.7120  471.1465
    0.7200  471.1961
    0.7280  471.1783
    0.7360  471.0623
    0.7440  470.8159
    0.7520  470.4063
    0.7600  469.7988
    0.7680  468.9572
    0.7760  467.8415
    0.7840  466.4063
    0.7920  464.5968
    0.8000  462.3416
    0.8080  459.5433
    0.8160  456.0627
    0.8240  451.6987
    0.8320  446.1673
    0.8400  439.1002
    0.8480  439.0529
    0.8560  439.7395
    0.8640  440.3979
    0.8720  441.0268
    0.8800  441.6250
    0.8880  442.1910
    0.8960  442.7237
    0.9040  443.2219
    0.9120  443.6845
    0.9200  444.1106
    0.9280  444.4991
    0.9360  444.8491
    0.9440  445.1599
    0.9520  445.4307
    0.9600  445.6610
    0.9680  445.8501
    0.9760  445.9977
    0.9840  446.1033
    0.9920  446.1668
    1.0000  446.1880
    1.0064  446.1744
    1.0129  446.1334
    1.0193  446.0652
    1.0257  445.9700
    1.0321  445.8478
    1.0385  445.6986
    1.0450  445.5230
    1.0514  445.3212
    1.0578  445.0934
    1.0642  444.8396
    1.0707  444.5608
    1.0771  444.2573
    1.0835  443.9288
    1.0899  443.5768
    1.0963  443.2014
    1.1028  442.8032
    1.1092  442.3819
    1.1156  441.9396
    1.1220  441.4762
    1.1285  440.9923
    1.1349  440.4878
    1.1413  439.9649
    1.1477  439.4236
    1.1542  438.8637
    1.1606  439.6632
    1.1670  445.3681
    1.1734  450.0519
    1.1798  453.9195
    1.1863  457.1254
    1.1927  459.8054
    1.1991  462.0561
    1.2055  463.9520
    1.2120  465.5410
    1.2184  466.8678
    1.2248  467.9650
    1.2312  468.8611
    1.2376  469.5766
    1.2441  470.1340
    1.2505  470.5533
    1.2569  470.8516
    1.2633  471.0471
    1.2698  471.1570
    1.2762  471.1979
    1.2826  471.1858
    1.2890  471.1369
    1.2954  471.0666
    1.3019  470.9900
    1.3083  470.9223
    1.3147  470.8778
    1.3211  470.8704
    1.3276  470.9135
    1.3340  471.0191
    1.3404  471.1981
    1.3468  471.4601
    1.3533  471.8109
    1.3597  472.2543
    1.3661  472.7896
    1.3725  473.4121
    1.3789  474.1083
    1.3854  474.8609
    1.3918  475.6466
    1.3982  476.4337
    1.4046  477.1929
    1.4111  477.8967
    1.4175  478.5257
    1.4239  479.0675
    1.4303  479.5218
    1.4367  479.8944
    1.4432  480.1952
    1.4496  480.4339
    1.4560  480.6216
    1.4624  480.7675
    1.4689  480.8789
    1.4753  480.9621
    1.4817  481.0219
    1.4881  481.0617
    1.4946  481.0838
    1.5010  481.0894
    1.5074  481.0789
    1.5138  481.0516
    1.5175  481.0681
    1.5212  481.1177
    1.5249  481.1998
    1.5285  481.3147
    1.5322  481.4618
    1.5359  481.6406
    1.5396  481.8506
    1.5432  482.0905
    1.5469  482.3606
    1.5506  482.6597
    1.5543  482.9867
    1.5580  483.3406
    1.5616  483.7192
    1.5653  484.1235
    1.5690  484.5512
    1.5727  485.0010
    1.5763  485.4716
    1.5800  485.9601
    1.5837  486.4678
    1.5874  486.9920
    1.5911  487.5311
    1.5947  488.0837
    1.5984  488.6467
    1.6021  489.2215
    1.6058  489.8054
    1.6094  490.3966
    1.6131  490.9938
    1.6168  491.5939
    1.6205  492.1989
    1.6242  492.8056
    1.6278  493.4128
    1.6315  494.0194
    1.6352  494.6224
    1.6389  495.2240
    1.6425  495.8216
    1.6462  496.4142
    1.6499  497.0009
    1.6536  497.5793
    1.6573  498.1518
    1.6609  498.7160
    1.6646  499.2714
    1.6683  499.8174
    1.6720  500.3535
    1.6756  500.8777
    1.6793  501.3925
    1.6830  501.8960
    1.6867  502.3878
    1.6904  502.8673
    1.6940  503.3329
    1.6977  503.7864
    1.7014  504.2258
    1.7051  504.6500
    1.7088  505.0579
    1.7124  505.4466
    1.7161  505.8160
    1.7198  506.1620
    1.7235  506.4804
    1.7271  506.7662
    1.7308  507.0123
    1.7345  507.2125
    1.7382  507.3589
    1.7419  507.4451
    1.7455  507.4682
    1.7492  507.4292
    1.7529  507.3326
    1.7566  507.1855
    1.7602  506.9958
    1.7639  506.7705
    1.7676  506.5167
    1.7713  506.2378
    1.7750  505.9385
    1.7786  505.6218
    1.7823  505.2900
    1.7860  504.9459
    1.7897  504.5889
    1.7933  504.2211
    1.7970  503.8434
    1.8007  503.4565
    1.8044  503.0620
    1.8081  502.6582
 
    0.0000  446.1880
    0.0080  446.3173
    0.0160  446.7047
    0.0240  447.3492
    0.0320  448.2489
    0.0400  449.4019
    0.0480  450.8063
    0.0560  452.4611
    0.0640  454.3672
    0.0720  456.5287
    0.0800  458.9547
    0.0880  461.6616
    0.0960  464.6761
    0.1040  468.0364
    0.1120  471.7882
    0.1200  475.9608
    0.1280  480.4869
    0.1360  485.0223
    0.1440  488.8416
    0.1520  491.3758
    0.1600  492.7793
    0.1680  493.4869
    0.1760  493.8083
    0.1840  493.9138
    0.1920  493.8955
    0.2000  493.8057
    0.2080  493.6755
    0.2160  493.5240
    0.2240  493.3626
    0.2320  493.1978
    0.2400  493.0324
    0.2480  492.8671
    0.2560  492.7010
    0.2640  492.5328
    0.2720  492.3615
    0.2800  492.1868
    0.2880  492.0099
    0.2960  491.8331
    0.3040  491.6601
    0.3120  491.4962
    0.3200  491.3481
    0.3280  491.2242
    0.3360  491.1348
    0.3440  491.0928
    0.3520  491.1143
    0.3600  491.2201
    0.3680  491.4372
    0.3760  491.8004
    0.3840  492.3540
    0.3920  493.1506
    0.4000  494.2465
    0.4080  495.6909
    0.4160  497.5104
    0.4240  499.6974
    0.4320  502.2058
    0.4400  504.9557
    0.4480  507.8410
    0.4560  510.7348
    0.4640  513.4947
    0.4720  515.9676
    0.4800  517.9991
    0.4880  519.4476
    0.4960  520.2025
    0.5040  520.2025
    0.5120  519.4476
    0.5200  517.9991
    0.5280  515.9676
    0.5360  513.4947
    0.5440  510.7348
    0.5520  507.8410
    0.5600  504.9557
    0.5680  502.2058
    0.5760  499.6974
    0.5840  497.5104
    0.5920  495.6909
    0.6000  494.2465
    0.6080  493.1506
    0.6160  492.3540
    0.6240  491.8004
    0.6320  491.4372
    0.6400  491.2201
    0.6480  491.1143
    0.6560  491.0928
    0.6640  491.1348
    0.6720  491.2242
    0.6800  491.3481
    0.6880  491.4962
    0.6960  491.6601
    0.7040  491.8331
    0.7120  492.0099
    0.7200  492.1868
    0.7280  492.3615
    0.7360  492.5328
    0.7440  492.7010
    0.7520  492.8671
    0.7600  493.0324
    0.7680  493.1978
    0.7760  493.3626
    0.7840  493.5240
    0.7920  493.6755
    0.8000  493.8057
    0.8080  493.8955
    0.8160  493.9138
    0.8240  493.8083
    0.8320  493.4869
    0.8400  492.7793
    0.8480  491.3758
    0.8560  488.8416
    0.8640  485.0223
    0.8720  480.4869
    0.8800  475.9608
    0.8880  471.7882
    0.8960  468.0364
    0.9040  464.6761
    0.9120  461.6616
    0.9200  458.9547
    0.9280  456.5287
    0.9360  454.3672
    0.9440  452.4611
    0.9520  450.8063
    0.9600  449.4019
    0.9680  448.2489
    0.9760  447.3492
    0.9840  446.7047
    0.9920  446.3173
    1.0000  446.1880
    1.0064  446.2713
    1.0129  446.5214
    1.0193  446.9372
    1.0257  447.5181
    1.0321  448.2631
    1.0385  449.1727
    1.0450  450.2431
    1.0514  451.4749
    1.0578  452.8680
    1.0642  454.4258
    1.0707  456.1457
    1.0771  458.0346
    1.0835  460.1031
    1.0899  462.3558
    1.0963  464.8115
    1.1028  467.4910
    1.1092  470.4230
    1.1156  473.6193
    1.1220  477.0829
    1.1285  480.7470
    1.1349  484.4111
    1.1413  487.6819
    1.1477  490.1857
    1.1542  491.8456
    1.1606  492.8481
    1.1670  493.4237
    1.1734  493.7340
    1.1798  493.8789
    1.1863  493.9183
    1.1927  493.8901
    1.1991  493.8183
    1.2055  493.7187
    1.2120  493.6025
    1.2184  493.4768
    1.2248  493.3464
    1.2312  493.2139
    1.2376  493.0812
    1.2441  492.9486
    1.2505  492.8156
    1.2569  492.6820
    1.2633  492.5470
    1.2698  492.4100
    1.2762  492.2706
    1.2826  492.1295
    1.2890  491.9873
    1.2954  491.8454
    1.3019  491.7055
    1.3083  491.5707
    1.3147  491.4439
    1.3211  491.3288
    1.3276  491.2302
    1.3340  491.1535
    1.3404  491.1049
    1.3468  491.0922
    1.3533  491.1247
    1.3597  491.2138
    1.3661  491.3735
    1.3725  491.6219
    1.3789  491.9791
    1.3854  492.4707
    1.3918  493.1261
    1.3982  493.9725
    1.4046  495.0376
    1.4111  496.3399
    1.4175  497.8882
    1.4239  499.6680
    1.4303  501.6559
    1.4367  503.8122
    1.4432  506.0894
    1.4496  508.4198
    1.4560  510.7384
    1.4624  512.9742
    1.4689  515.0411
    1.4753  516.8624
    1.4817  518.3601
    1.4881  519.4657
    1.4946  520.1207
    1.5010  520.2927
    1.5074  519.9726
    1.5138  519.1758
    1.5175  519.1738
    1.5212  519.1680
    1.5249  519.1583
    1.5285  519.1446
    1.5322  519.1271
    1.5359  519.1056
    1.5396  519.0802
    1.5432  519.0509
    1.5469  519.0175
    1.5506  518.9801
    1.5543  518.9387
    1.5580  518.8932
    1.5616  518.8437
    1.5653  518.7900
    1.5690  518.7321
    1.5727  518.6700
    1.5763  518.6036
    1.5800  518.5331
    1.5837  518.4581
    1.5874  518.3787
    1.5911  518.2948
    1.5947  518.2064
    1.5984  518.1138
    1.6021  518.0163
    1.6058  517.9142
    1.6094  517.8074
    1.6131  517.6959
    1.6168  517.5799
    1.6205  517.4588
    1.6242  517.3328
    1.6278  517.2020
    1.6315  517.0662
    1.6352  516.9259
    1.6389  516.7802
    1.6425  516.6296
    1.6462  516.4741
    1.6499  516.3136
    1.6536  516.1487
    1.6573  515.9784
    1.6609  515.8034
    1.6646  515.6237
    1.6683  515.4394
    1.6720  515.2507
    1.6756  515.0582
    1.6793  514.8613
    1.6830  514.6606
    1.6867  514.4566
    1.6904  514.2498
    1.6940  514.0413
    1.6977  513.8308
    1.7014  513.6196
    1.7051  513.4092
    1.7088  513.2010
    1.7124  512.9976
    1.7161  512.8007
    1.7198  512.6140
    1.7235  512.4423
    1.7271  512.2910
    1.7308  512.1673
    1.7345  512.0784
    1.7382  512.0327
    1.7419  512.0367
    1.7455  512.0941
    1.7492  512.2039
    1.7529  512.3626
    1.7566  512.5633
    1.7602  512.7988
    1.7639  513.0622
    1.7676  513.3470
    1.7713  513.6501
    1.7750  513.9672
    1.7786  514.2958
    1.7823  514.6339
    1.7860  514.9789
    1.7897  515.3317
    1.7933  515.6904
    1.7970  516.0545
    1.8007  516.4235
    1.8044  516.7958
    1.8081  517.1733
 
    0.0000  504.0580
    0.0080  504.0470
    0.0160  504.0145
    0.0240  503.9613
    0.0320  503.8888
    0.0400  503.7991
    0.0480  503.6955
    0.0560  503.5820
    0.0640  503.4647
    0.0720  503.3518
    0.0800  503.2552
    0.0880  503.1928
    0.0960  503.1929
    0.1040  503.3025
    0.1120  503.6057
    0.1200  504.2652
    0.1280  505.6134
    0.1360  508.3172
    0.1440  513.4019
    0.1520  521.5620
    0.1600  532.4752
    0.1680  545.2876
    0.1760  559.1871
    0.1840  573.5559
    0.1920  587.9592
    0.2000  602.0997
    0.2080  615.7750
    0.2160  628.8458
    0.2240  641.2152
    0.2320  652.8148
    0.2400  663.5965
    0.2480  673.5267
    0.2560  682.5825
    0.2640  690.7498
    0.2720  698.0212
    0.2800  704.3954
    0.2880  709.8758
    0.2960  714.4708
    0.3040  718.1926
    0.3120  721.0577
    0.3200  723.0862
    0.3280  724.3021
    0.3360  724.7329
    0.3440  724.4101
    0.3520  723.3686
    0.3600  721.6476
    0.3680  719.2902
    0.3760  716.3441
    0.3840  712.8617
    0.3920  708.9005
    0.4000  704.5242
    0.4080  699.8030
    0.4160  694.8151
    0.4240  689.6474
    0.4320  684.3976
    0.4400  679.1751
    0.4480  674.1029
    0.4560  669.3179
    0.4640  664.9703
    0.4720  661.2191
    0.4800  658.2240
    0.4880  656.1307
    0.4960  655.0527
    0.5040  655.0527
    0.5120  656.1307
    0.5200  658.2240
    0.5280  661.2191
    0.5360  664.9703
    0.5440  669.3179
    0.5520  674.1029
    0.5600  679.1751
    0.5680  684.3976
    0.5760  689.6474
    0.5840  694.8151
    0.5920  699.8030
    0.6000  704.5242
    0.6080  708.9005
    0.6160  712.8617
    0.6240  716.3441
    0.6320  719.2902
    0.6400  721.6476
    0.6480  723.3686
    0.6560  724.4101
    0.6640  724.7329
    0.6720  724.3021
    0.6800  723.0862
    0.6880  721.0577
    0.6960  718.1926
    0.7040  714.4708
    0.7120  709.8758
    0.7200  704.3954
    0.7280  698.0212
    0.7360  690.7498
    0.7440  682.5825
    0.7520  673.5267
    0.7600  663.5965
    0.7680  652.8148
    0.7760  641.2152
    0.7840  628.8458
    0.7920  615.7750
    0.8000  602.0997
    0.8080  587.9592
    0.8160  573.5559
    0.8240  559.1871
    0.8320  545.2876
    0.8400  532.4752
    0.8480  521.5620
    0.8560  513.4019
    0.8640  508.3172
    0.8720  505.6134
    0.8800  504.2652
    0.8880  503.6057
    0.8960  503.3025
    0.9040  503.1929
    0.9120  503.1928
    0.9200  503.2552
    0.9280  503.3518
    0.9360  503.4647
    0.9440  503.5820
    0.9520  503.6955
    0.9600  503.7991
    0.9680  503.8888
    0.9760  503.9613
    0.9840  504.0145
    0.9920  504.0470
    1.0000  504.0580
    1.0064  504.0509
    1.0129  504.0299
    1.0193  503.9952
    1.0257  503.9475
    1.0321  503.8877
    1.0385  503.8167
    1.0450  503.7363
    1.0514  503.6485
    1.0578  503.5557
    1.0642  503.4614
    1.0707  503.3701
    1.0771  503.2877
    1.0835  503.2223
    1.0899  503.1858
    1.0963  503.1949
    1.1028  503.2755
    1.1092  503.4693
    1.1156  503.8448
    1.1220  504.5229
    1.1285  505.7211
    1.1349  507.8204
    1.1413  511.3572
    1.1477  516.8109
    1.1542  524.2570
    1.1606  533.3358
    1.1670  543.5950
    1.1734  554.6100
    1.1798  566.0561
    1.1863  577.6363
    1.1927  589.1747
    1.1991  600.5290
    1.2055  611.6118
    1.2120  622.3111
    1.2184  632.5869
    1.2248  642.3958
    1.2312  651.7192
    1.2376  660.5032
    1.2441  668.7441
    1.2505  676.4398
    1.2569  683.5565
    1.2633  690.1001
    1.2698  696.0669
    1.2762  701.4635
    1.2826  706.2742
    1.2890  710.5107
    1.2954  714.1777
    1.3019  717.2861
    1.3083  719.8343
    1.3147  721.8374
    1.3211  723.3085
    1.3276  724.2559
    1.3340  724.6966
    1.3404  724.6465
    1.3468  724.1218
    1.3533  723.1434
    1.3597  721.7315
    1.3661  719.9084
    1.3725  717.6948
    1.3789  715.1237
    1.3854  712.2204
    1.3918  709.0101
    1.3982  705.5359
    1.4046  701.8290
    1.4111  697.9283
    1.4175  693.8699
    1.4239  689.7128
    1.4303  685.5017
    1.4367  681.2924
    1.4432  677.1400
    1.4496  673.1244
    1.4560  669.3122
    1.4624  665.7763
    1.4689  662.6100
    1.4753  659.8909
    1.4817  657.6992
    1.4881  656.1048
    1.4946  655.1692
    1.5010  654.9245
    1.5074  655.3802
    1.5138  656.5211
    1.5175  656.5333
    1.5212  656.5698
    1.5249  656.6305
    1.5285  656.7159
    1.5322  656.8258
    1.5359  656.9605
    1.5396  657.1200
    1.5432  657.3042
    1.5469  657.5141
    1.5506  657.7495
    1.5543  658.0107
    1.5580  658.2980
    1.5616  658.6107
    1.5653  658.9509
    1.5690  659.3180
    1.5727  659.7123
    1.5763  660.1341
    1.5800  660.5823
    1.5837  661.0598
    1.5874  661.5655
    1.5911  662.0997
    1.5947  662.6625
    1.5984  663.2524
    1.6021  663.8728
    1.6058  664.5222
    1.6094  665.2005
    1.6131  665.9077
    1.6168  666.6417
    1.6205  667.4062
    1.6242  668.1993
    1.6278  669.0204
    1.6315  669.8693
    1.6352  670.7430
    1.6389  671.6460
    1.6425  672.5751
    1.6462  673.5298
    1.6499  674.5093
    1.6536  675.5101
    1.6573  676.5367
    1.6609  677.5855
    1.6646  678.6554
    1.6683  679.7454
    1.6720  680.8544
    1.6756  681.9780
    1.6793  683.1211
    1.6830  684.2794
    1.6867  685.4516
    1.6904  686.6363
    1.6940  687.8288
    1.6977  689.0341
    1.7014  690.2476
    1.7051  691.4678
    1.7088  692.6932
    1.7124  693.9190
    1.7161  695.1504
    1.7198  696.3825
    1.7235  697.6139
    1.7271  698.8431
    1.7308  700.0653
    1.7345  701.2858
    1.7382  702.4999
    1.7419  703.7062
    1.7455  704.9033
    1.7492  706.0868
    1.7529  707.2619
    1.7566  708.4241
    1.7602  709.5723
    1.7639  710.7053
    1.7676  711.8191
    1.7713  712.9188
    1.7750  714.0003
    1.7786  715.0627
    1.7823  716.1051
    1.7860  717.1241
    1.7897  718.1245
    1.7933  719.1028
    1.7970  720.0583
    1.8007  720.9905
    1.8044  721.8965
    1.8081  722.7807
 
