    0.0000  144.6887
    0.0081  142.5545
    0.0162  140.2976
    0.0243  137.9524
    0.0324  135.5159
    0.0405  132.9940
    0.0486  130.3806
    0.0567  127.6824
    0.0648  124.8934
    0.0729  122.0210
    0.0810  119.0589
    0.0890  116.0153
    0.0971  112.8839
    0.1052  109.6736
    0.1133  106.3779
    0.1214  103.0066
    0.1295   99.5530
    0.1376   96.0275
    0.1457   92.4234
    0.1538   88.7518
    0.1619   85.0059
    0.1700   81.1974
    0.1781   77.3241
    0.1862   73.3839
    0.1943   69.3893
    0.2024   65.3333
    0.2105   61.2289
    0.2186   57.0690
    0.2267   52.8672
    0.2348   48.6163
    0.2428   44.3302
    0.2509   40.0016
    0.2590   35.6449
    0.2671   31.2528
    0.2752   26.8398
    0.2833   22.3986
    0.2914   17.9439
    0.2995   13.4685
    0.3076    8.9872
    0.3157    4.4928
    0.3238    0.0000
    0.3363    2.6437
    0.3488    5.3127
    0.3613    8.0317
    0.3738   10.8232
    0.3863   13.7079
    0.3988   16.7029
    0.4113   19.8226
    0.4238   23.0775
    0.4363   26.4747
    0.4488   30.0177
    0.4613   33.7069
    0.4738   37.5394
    0.4863   41.5098
    0.4988   45.6099
    0.5113   49.8295
    0.5238   54.1565
    0.5363   58.5769
    0.5488   63.0758
    0.5613   67.6370
    0.5738   72.2434
    0.5863   76.8775
    0.5988   81.5214
    0.6113   86.1568
    0.6238   90.7658
    0.6363   95.3305
    0.6488   99.8334
    0.6613  104.2579
    0.6738  108.5876
    0.6863  112.8073
    0.6988  116.9029
    0.7113  120.8612
    0.7238  124.6704
    0.7363  128.3200
    0.7488  131.8008
    0.7613  135.1055
    0.7738  138.2280
    0.7863  141.1641
    0.7988  143.9109
    0.8113  146.4676
    0.8238  148.8009
    0.8363  149.3070
    0.8488  150.8060
    0.8613  153.2423
    0.8738  156.5295
    0.8863  160.5584
    0.8988  165.2058
    0.9113  170.3422
    0.9238  175.8385
    0.9363  181.5707
    0.9488  187.4226
    0.9613  193.2880
    0.9738  199.0705
    0.9863  204.6839
    0.9988  210.0501
    1.0113  214.5575
    1.0238  213.2142
    1.0363  211.7798
    1.0488  210.2583
    1.0613  208.6549
    1.0738  206.9763
    1.0863  205.2306
    1.0988  203.4275
    1.1113  201.5781
    1.1238  199.6953
    1.1363  197.7933
    1.1488  195.8876
    1.1613  193.9952
    1.1738  192.1340
    1.1863  190.3228
    1.1988  188.5810
    1.2113  186.9283
    1.2238  185.3843
    1.2363  183.9683
    1.2488  182.6985
    1.2613  181.5920
    1.2738  180.6641
    1.2863  179.9279
    1.2988  179.3942
    1.3113  179.0707
    1.3238  178.9623
    1.3415  179.1658
    1.3591  179.6497
    1.3768  180.2762
    1.3945  181.0382
    1.4122  181.9180
    1.4299  182.8727
    1.4475  183.8464
    1.4652  184.7760
    1.4829  185.5945
    1.5006  186.2332
    1.5182  186.6241
    1.5359  186.7016
    1.5536  186.4040
    1.5713  185.6747
    1.5890  184.4638
    1.6066  182.7287
    1.6243  180.4348
    1.6420  177.5560
    1.6597  174.0754
    1.6773  169.9847
    1.6950  165.2846
    1.7127  159.9843
    1.7304  154.1008
    1.7481  147.6584
    1.7657  140.6879
    1.7834  133.2250
    1.8011  125.3100
    1.8188  116.9858
    1.8364  108.2971
    1.8541   99.2889
    1.8718   90.0057
    1.8895   80.4899
    1.9072   70.7813
    1.9248   60.9165
    1.9425   50.9278
    1.9602   40.8440
    1.9779   30.6895
    1.9955   20.4856
    2.0132   10.2503
    2.0309    0.0000
    2.0503   10.6742
    2.0698   21.3173
    2.0892   31.8936
    2.1087   42.3698
    2.1281   52.7055
    2.1476   62.8616
    2.1670   72.7923
    2.1864   82.4543
    2.2059   91.8007
    2.2253  100.7894
    2.2448  109.3797
    2.2642  117.5391
    2.2837  125.2421
    2.3031  132.4746
    2.3225  139.2333
    2.3420  145.5282
    2.3614  151.3816
    2.3809  156.8275
    2.4003  161.9107
    2.4198  166.6832
    2.4392  171.2013
    2.4586  175.5226
    2.4781  179.7010
    2.4975  183.7837
    2.5170  187.8079
    2.5364  191.7976
    2.5559  195.7644
    2.5753  199.7040
    2.5947  203.6017
    2.6142  207.4298
    2.6336  211.1553
    2.6531  214.7383
    2.6725  218.1413
    2.6920  221.3272
    2.7114  224.2681
    2.7308  226.9436
    2.7503  229.3473
    2.7697  231.4812
    2.7892  233.3424
    2.8086  234.5851
 
    0.0000  144.6887
    0.0081  142.5545
    0.0162  140.2976
    0.0243  137.9524
    0.0324  135.5159
    0.0405  132.9940
    0.0486  130.3806
    0.0567  127.6824
    0.0648  124.8934
    0.0729  122.0210
    0.0810  119.0589
    0.0890  116.0153
    0.0971  112.8839
    0.1052  109.6736
    0.1133  106.3779
    0.1214  103.0066
    0.1295   99.5530
    0.1376   96.0275
    0.1457   92.4234
    0.1538   88.7518
    0.1619   85.0059
    0.1700   81.1974
    0.1781   77.3241
    0.1862   73.3839
    0.1943   69.3893
    0.2024   65.3333
    0.2105   61.2289
    0.2186   57.0690
    0.2267   52.8672
    0.2348   48.6163
    0.2428   44.3302
    0.2509   40.0016
    0.2590   35.6449
    0.2671   31.2528
    0.2752   26.8398
    0.2833   22.3986
    0.2914   17.9439
    0.2995   13.4685
    0.3076    8.9872
    0.3157    4.4928
    0.3238    0.0000
    0.3363    7.2487
    0.3488   14.4910
    0.3613   21.7201
    0.3738   28.9297
    0.3863   36.1131
    0.3988   43.2637
    0.4113   50.3748
    0.4238   57.4397
    0.4363   64.4516
    0.4488   71.4038
    0.4613   78.2894
    0.4738   85.1016
    0.4863   91.8335
    0.4988   98.4783
    0.5113  105.0292
    0.5238  111.4795
    0.5363  117.8226
    0.5488  124.0520
    0.5613  130.1615
    0.5738  136.1451
    0.5863  141.9971
    0.5988  147.7120
    0.6113  153.2848
    0.6238  158.7109
    0.6363  163.9861
    0.6488  165.9217
    0.6613  165.3673
    0.6738  164.7612
    0.6863  164.0905
    0.6988  163.3419
    0.7113  162.5020
    0.7238  161.5574
    0.7363  160.4950
    0.7488  159.3026
    0.7613  157.9683
    0.7738  156.4814
    0.7863  154.8324
    0.7988  153.0128
    0.8113  151.0158
    0.8238  148.8696
    0.8363  149.3750
    0.8488  150.8721
    0.8613  153.3054
    0.8738  156.5886
    0.8863  160.6128
    0.8988  165.2550
    0.9113  170.3858
    0.9238  175.8765
    0.9363  181.6031
    0.9488  187.4495
    0.9613  193.3096
    0.9738  199.0872
    0.9863  204.6959
    0.9988  210.0576
    1.0113  215.0970
    1.0238  213.8340
    1.0363  212.4039
    1.0488  210.8869
    1.0613  209.2883
    1.0738  207.6148
    1.0863  205.8745
    1.0988  204.0771
    1.1113  202.2336
    1.1238  200.3570
    1.1363  198.4612
    1.1488  196.5620
    1.1613  194.6761
    1.1738  192.8215
    1.1863  191.0167
    1.1988  189.2813
    1.2113  187.6347
    1.2238  186.0966
    1.2363  184.6860
    1.2488  183.4212
    1.2613  182.3190
    1.2738  181.3948
    1.2863  180.6616
    1.2988  180.1300
    1.3113  179.8078
    1.3238  179.6999
    1.3415  179.9284
    1.3591  180.7260
    1.3768  182.1889
    1.3945  184.2566
    1.4122  186.8570
    1.4299  189.9250
    1.4475  193.3944
    1.4652  197.1973
    1.4829  201.2647
    1.5006  205.5291
    1.5182  209.9252
    1.5359  214.3922
    1.5536  218.8741
    1.5713  223.3217
    1.5890  227.6920
    1.6066  231.9497
    1.6243  233.8171
    1.6420  229.7745
    1.6597  225.0002
    1.6773  219.4730
    1.6950  213.1842
    1.7127  206.1377
    1.7304  198.3497
    1.7481  189.8483
    1.7657  180.6722
    1.7834  170.8694
    1.8011  160.4954
    1.8188  149.6110
    1.8364  138.2806
    1.8541  126.5693
    1.8718  114.5414
    1.8895  102.2579
    1.9072   89.7746
    1.9248   77.1409
    1.9425   64.3990
    1.9602   51.5827
    1.9779   38.7184
    1.9955   25.8250
    2.0132   12.9159
    2.0309    0.0000
    2.0503   13.6749
    2.0698   27.3432
    2.0892   40.9892
    2.1087   54.5983
    2.1281   68.1398
    2.1476   81.5799
    2.1670   94.8669
    2.1864  107.9464
    2.2059  120.7486
    2.2253  133.2043
    2.2448  145.2346
    2.2642  156.7671
    2.2837  167.7262
    2.3031  178.0483
    2.3225  187.6734
    2.3420  196.5568
    2.3614  204.6617
    2.3809  211.9678
    2.4003  211.9858
    2.4198  211.3397
    2.4392  210.5069
    2.4586  209.6520
    2.4781  208.9166
    2.4975  208.4269
    2.5170  208.2721
    2.5364  208.5160
    2.5559  209.1853
    2.5753  210.2806
    2.5947  211.7722
    2.6142  213.6100
    2.6336  215.7260
    2.6531  218.0422
    2.6725  220.4767
    2.6920  222.9486
    2.7114  225.3854
    2.7308  227.7243
    2.7503  229.9174
    2.7697  231.9309
    2.7892  233.7468
    2.8086  235.1576
 
    0.0000  144.7645
    0.0081  146.8112
    0.0162  148.8062
    0.0243  150.7155
    0.0324  152.5420
    0.0405  154.2825
    0.0486  155.9424
    0.0567  157.5190
    0.0648  159.0177
    0.0729  160.4364
    0.0810  161.7803
    0.0890  158.5402
    0.0971  153.7662
    0.1052  148.9286
    0.1133  144.0172
    0.1214  139.0461
    0.1295  134.0051
    0.1376  128.9085
    0.1457  123.7459
    0.1538  118.5322
    0.1619  113.2567
    0.1700  107.9347
    0.1781  102.5619
    0.1862   97.1341
    0.1943   91.6670
    0.2024   86.1496
    0.2105   80.5979
    0.2186   75.0009
    0.2267   69.3749
    0.2348   63.7085
    0.2428   58.0186
    0.2509   52.2936
    0.2590   46.5504
    0.2671   40.7776
    0.2752   34.9921
    0.2833   29.1825
    0.2914   23.3660
    0.2995   17.5308
    0.3076   11.6944
    0.3157    5.8450
    0.3238    0.0000
    0.3363   14.0325
    0.3488   28.0070
    0.3613   41.8658
    0.3738   55.5521
    0.3863   69.0105
    0.3988   82.1872
    0.4113   95.0305
    0.4238  107.4913
    0.4363  119.5234
    0.4488  131.0838
    0.4613  142.1331
    0.4738  152.6360
    0.4863  162.5615
    0.4988  171.8605
    0.5113  171.3164
    0.5238  170.7821
    0.5363  170.2607
    0.5488  169.7541
    0.5613  169.2624
    0.5738  168.7845
    0.5863  168.3171
    0.5988  167.8557
    0.6113  167.3939
    0.6238  166.9240
    0.6363  166.4368
    0.6488  169.1069
    0.6613  174.0702
    0.6738  178.8736
    0.6863  183.5153
    0.6988  187.9942
    0.7113  192.3098
    0.7238  196.4626
    0.7363  200.4534
    0.7488  204.2842
    0.7613  207.9574
    0.7738  211.4762
    0.7863  214.8444
    0.7988  218.0658
    0.8113  221.1419
    0.8238  223.8111
    0.8363  223.7734
    0.8488  223.6600
    0.8613  223.4701
    0.8738  223.2024
    0.8863  222.8554
    0.8988  222.4271
    0.9113  221.9152
    0.9238  221.3173
    0.9363  220.6311
    0.9488  219.8543
    0.9613  218.9848
    0.9738  218.0210
    0.9863  216.9620
    0.9988  215.8073
    1.0113  215.1002
    1.0238  219.7518
    1.0363  223.9302
    1.0488  227.5217
    1.0613  230.3591
    1.0738  232.3016
    1.0863  233.4663
    1.0988  234.1714
    1.1113  234.6569
    1.1238  235.0411
    1.1363  235.3764
    1.1488  235.6851
    1.1613  235.9751
    1.1738  236.2467
    1.1863  236.4954
    1.1988  236.7142
    1.2113  236.8938
    1.2238  237.0241
    1.2363  237.0961
    1.2488  237.1047
    1.2613  237.0522
    1.2738  236.9518
    1.2863  236.8275
    1.2988  236.7089
    1.3113  236.6244
    1.3238  236.5938
    1.3415  236.6347
    1.3591  236.7575
    1.3768  236.9628
    1.3945  237.2499
    1.4122  237.6159
    1.4299  238.0534
    1.4475  238.5488
    1.4652  239.0802
    1.4829  239.6158
    1.5006  240.1137
    1.5182  240.5212
    1.5359  240.7757
    1.5536  240.8060
    1.5713  240.5346
    1.5890  239.8495
    1.6066  237.1609
    1.6243  236.0664
    1.6420  234.8039
    1.6597  231.8220
    1.6773  228.0875
    1.6950  223.5509
    1.7127  218.1748
    1.7304  211.9345
    1.7481  204.8184
    1.7657  196.8277
    1.7834  187.9760
    1.8011  178.2880
    1.8188  167.7988
    1.8364  156.5522
    1.8541  144.5994
    1.8718  131.9973
    1.8895  118.8074
    1.9072  105.0937
    1.9248   90.9223
    1.9425   76.3601
    1.9602   61.4737
    1.9779   46.3294
    1.9955   30.9926
    2.0132   15.5282
    2.0309    0.0000
    2.0503   16.9222
    2.0698   33.7555
    2.0892   50.4011
    2.1087   66.7731
    2.1281   82.7733
    2.1476   98.3165
    2.1670  113.3076
    2.1864  127.6662
    2.2059  141.3062
    2.2253  154.1588
    2.2448  166.1552
    2.2642  177.2465
    2.2837  187.3896
    2.3031  196.5637
    2.3225  204.7576
    2.3420  211.3898
    2.3614  212.1239
    2.3809  212.2904
    2.4003  218.4644
    2.4198  224.1555
    2.4392  229.0559
    2.4586  233.1888
    2.4781  236.5881
    2.4975  239.2927
    2.5170  241.3488
    2.5364  242.4446
    2.5559  242.8866
    2.5753  243.1098
    2.5947  243.1522
    2.6142  243.0409
    2.6336  242.4478
    2.6531  241.2515
    2.6725  240.0771
    2.6920  238.9619
    2.7114  237.9457
    2.7308  237.0686
    2.7503  236.3692
    2.7697  235.8812
    2.7892  235.6305
    2.8086  235.6134
 
    0.0000  144.7645
    0.0081  146.8112
    0.0162  148.8062
    0.0243  150.7155
    0.0324  152.5420
    0.0405  154.2825
    0.0486  155.9424
    0.0567  157.5190
    0.0648  159.0177
    0.0729  160.4364
    0.0810  161.7803
    0.0890  163.0480
    0.0971  164.2444
    0.1052  165.3688
    0.1133  166.4259
    0.1214  167.4153
    0.1295  168.3418
    0.1376  169.2053
    0.1457  170.0102
    0.1538  170.7570
    0.1619  171.4499
    0.1700  172.0896
    0.1781  172.6792
    0.1862  173.2218
    0.1943  173.7183
    0.2024  174.1723
    0.2105  174.5849
    0.2186  174.9591
    0.2267  175.2961
    0.2348  175.5988
    0.2428  175.8682
    0.2509  176.1067
    0.2590  176.3154
    0.2671  176.4961
    0.2752  176.6498
    0.2833  176.7781
    0.2914  176.8815
    0.2995  176.9611
    0.3076  177.0175
    0.3157  177.0512
    0.3238  177.0624
    0.3363  177.0274
    0.3488  176.9230
    0.3613  176.7512
    0.3738  176.5148
    0.3863  176.2180
    0.3988  175.8658
    0.4113  175.4642
    0.4238  175.0197
    0.4363  174.5396
    0.4488  174.0311
    0.4613  173.5018
    0.4738  172.9591
    0.4863  172.4099
    0.4988  171.8831
    0.5113  180.5791
    0.5238  188.6330
    0.5363  196.0335
    0.5488  202.7750
    0.5613  208.8572
    0.5738  214.2858
    0.5863  219.0723
    0.5988  223.2338
    0.6113  226.7933
    0.6238  229.7795
    0.6363  232.2263
    0.6488  234.1729
    0.6613  235.6635
    0.6738  236.7464
    0.6863  237.4735
    0.6988  237.8999
    0.7113  238.0828
    0.7238  238.0802
    0.7363  237.9503
    0.7488  237.7498
    0.7613  237.0778
    0.7738  234.6977
    0.7863  232.2193
    0.7988  229.6355
    0.8113  226.9428
    0.8238  224.4015
    0.8363  224.3639
    0.8488  224.2508
    0.8613  224.0614
    0.8738  223.7944
    0.8863  223.4484
    0.8988  223.0212
    0.9113  222.5107
    0.9238  221.9144
    0.9363  221.2301
    0.9488  220.4554
    0.9613  219.5883
    0.9738  218.6272
    0.9863  217.5712
    0.9988  216.4198
    1.0113  215.1736
    1.0238  219.7533
    1.0363  223.9374
    1.0488  227.5366
    1.0613  230.3856
    1.0738  232.3415
    1.0863  233.5164
    1.0988  234.2271
    1.1113  234.7154
    1.1238  235.1008
    1.1363  235.4364
    1.1488  235.7445
    1.1613  236.0332
    1.1738  236.3027
    1.1863  236.5489
    1.1988  236.7643
    1.2113  236.9398
    1.2238  237.0652
    1.2363  237.1315
    1.2488  237.1335
    1.2613  237.0740
    1.2738  236.9668
    1.2863  236.8363
    1.2988  236.7129
    1.3113  236.6254
    1.3238  236.5938
    1.3415  236.6797
    1.3591  236.9385
    1.3768  237.3726
    1.3945  237.9850
    1.4122  238.7771
    1.4299  239.7471
    1.4475  240.8870
    1.4652  242.1811
    1.4829  243.6041
    1.5006  245.1190
    1.5182  245.2095
    1.5359  244.5483
    1.5536  243.4801
    1.5713  241.9358
    1.5890  239.8802
    1.6066  238.7601
    1.6243  237.0935
    1.6420  240.0212
    1.6597  243.7998
    1.6773  241.7029
    1.6950  238.7036
    1.7127  235.2920
    1.7304  231.5099
    1.7481  227.4119
    1.7657  223.0639
    1.7834  218.5407
    1.8011  213.9237
    1.8188  209.2979
    1.8364  204.7488
    1.8541  200.3589
    1.8718  196.2047
    1.8895  192.3543
    1.9072  188.8647
    1.9248  185.7817
    1.9425  183.1389
    1.9602  180.9592
    1.9779  179.2565
    1.9955  178.0379
    2.0132  177.3062
    2.0309  177.0624
    2.0503  177.2949
    2.0698  177.9895
    2.0892  179.1373
    2.1087  180.7214
    2.1281  182.7157
    2.1476  185.0811
    2.1670  187.7658
    2.1864  190.7019
    2.2059  193.8081
    2.2253  196.9876
    2.2448  200.1348
    2.2642  203.1329
    2.2837  205.8658
    2.3031  208.2161
    2.3225  210.0861
    2.3420  211.9917
    2.3614  218.2670
    2.3809  223.6470
    2.4003  228.1799
    2.4198  231.9331
    2.4392  234.9823
    2.4586  237.4068
    2.4781  239.2890
    2.4975  240.7077
    2.5170  241.7376
    2.5364  242.8062
    2.5559  243.7196
    2.5753  244.1467
    2.5947  244.1485
    2.6142  243.6287
    2.6336  242.7968
    2.6531  242.2723
    2.6725  241.2534
    2.6920  240.1599
    2.7114  239.0636
    2.7308  238.0331
    2.7503  237.1293
    2.7697  236.4049
    2.7892  235.9000
    2.8086  235.6134
 
    0.0000  205.6387
    0.0081  202.0474
    0.0162  198.0689
    0.0243  194.0014
    0.0324  189.8442
    0.0405  185.6096
    0.0486  181.2889
    0.0567  176.8940
    0.0648  172.4157
    0.0729  167.8666
    0.0810  163.2371
    0.0890  163.0480
    0.0971  164.2444
    0.1052  165.3688
    0.1133  166.4259
    0.1214  167.4153
    0.1295  168.3418
    0.1376  169.2053
    0.1457  170.0102
    0.1538  170.7570
    0.1619  171.4499
    0.1700  172.0896
    0.1781  172.6792
    0.1862  173.2218
    0.1943  173.7183
    0.2024  174.1723
    0.2105  174.5849
    0.2186  174.9591
    0.2267  175.2961
    0.2348  175.5988
    0.2428  175.8682
    0.2509  176.1067
    0.2590  176.3154
    0.2671  176.4961
    0.2752  176.6498
    0.2833  176.7781
    0.2914  176.8815
    0.2995  176.9611
    0.3076  177.0175
    0.3157  177.0512
    0.3238  177.0624
    0.3363  177.4564
    0.3488  178.6259
    0.3613  180.5334
    0.3738  183.1196
    0.3863  186.3079
    0.3988  190.0084
    0.4113  194.1239
    0.4238  198.5535
    0.4363  203.1968
    0.4488  207.9571
    0.4613  212.7431
    0.4738  217.4710
    0.4863  222.0650
    0.4988  226.4580
    0.5113  230.5922
    0.5238  234.4185
    0.5363  237.8970
    0.5488  240.9967
    0.5613  243.6951
    0.5738  245.9780
    0.5863  247.8396
    0.5988  249.2816
    0.6113  250.3133
    0.6238  250.9509
    0.6363  251.2173
    0.6488  251.1415
    0.6613  250.7579
    0.6738  250.1058
    0.6863  249.2283
    0.6988  247.7618
    0.7113  245.7630
    0.7238  243.7022
    0.7363  241.5726
    0.7488  239.3669
    0.7613  237.5328
    0.7738  237.3492
    0.7863  237.2435
    0.7988  237.2533
    0.8113  237.4083
    0.8238  237.7122
    0.8363  237.6981
    0.8488  237.6563
    0.8613  237.5882
    0.8738  237.4959
    0.8863  237.3826
    0.8988  237.2520
    0.9113  237.1088
    0.9238  236.9583
    0.9363  236.8063
    0.9488  236.6595
    0.9613  236.5211
    0.9738  236.4016
    0.9863  236.3123
    0.9988  236.2654
    1.0113  236.2776
    1.0238  236.3747
    1.0363  236.6024
    1.0488  237.0464
    1.0613  237.8535
    1.0738  239.1522
    1.0863  240.8197
    1.0988  242.5376
    1.1113  244.0744
    1.1238  245.3265
    1.1363  246.2601
    1.1488  246.8771
    1.1613  247.1986
    1.1738  247.2574
    1.1863  247.0947
    1.1988  246.7573
    1.2113  246.2962
    1.2238  245.7643
    1.2363  245.2135
    1.2488  244.6908
    1.2613  244.2331
    1.2738  243.8626
    1.2863  243.5864
    1.2988  243.4000
    1.3113  243.2938
    1.3238  243.2595
    1.3415  243.3139
    1.3591  243.4735
    1.3768  243.7267
    1.3945  244.0544
    1.4122  244.4296
    1.4299  244.8175
    1.4475  245.1754
    1.4652  245.4532
    1.4829  245.5942
    1.5006  245.5368
    1.5182  246.6840
    1.5359  248.2372
    1.5536  249.7165
    1.5713  250.4172
    1.5890  250.0101
    1.6066  249.2209
    1.6243  248.0143
    1.6420  246.3655
    1.6597  244.2616
    1.6773  247.3943
    1.6950  250.5020
    1.7127  248.3772
    1.7304  245.6711
    1.7481  242.3982
    1.7657  238.5894
    1.7834  234.2917
    1.8011  229.5678
    1.8188  224.4951
    1.8364  219.1645
    1.8541  213.6794
    1.8718  208.1537
    1.8895  202.7098
    1.9072  197.4764
    1.9248  192.5851
    1.9425  188.1670
    1.9602  184.3475
    1.9779  181.2413
    1.9955  178.9462
    2.0132  177.5374
    2.0309  177.0624
    2.0503  177.5262
    2.0698  178.9016
    2.0892  181.1413
    2.1087  184.1699
    2.1281  187.8886
    2.1476  192.1801
    2.1670  196.9156
    2.1864  201.9593
    2.2059  207.1749
    2.2253  212.4293
    2.2448  217.5984
    2.2642  222.5688
    2.2837  227.2432
    2.3031  231.5397
    2.3225  235.3964
    2.3420  238.7692
    2.3614  241.6345
    2.3809  243.9850
    2.4003  245.8317
    2.4198  247.1977
    2.4392  248.1170
    2.4586  248.6330
    2.4781  248.7911
    2.4975  248.6402
    2.5170  248.2264
    2.5364  247.5944
    2.5559  246.7838
    2.5753  245.8315
    2.5947  244.7710
    2.6142  243.7953
    2.6336  243.1431
    2.6531  242.4324
    2.6725  241.9566
    2.6920  241.3719
    2.7114  240.6782
    2.7308  239.8687
    2.7503  238.9337
    2.7697  237.8580
    2.7892  236.6368
    2.8086  235.6605
 
    0.0000  206.2922
    0.0081  209.7966
    0.0162  213.5147
    0.0243  217.1487
    0.0324  220.6984
    0.0405  224.1536
    0.0486  227.5217
    0.0567  230.7937
    0.0648  233.9768
    0.0729  237.0625
    0.0810  240.0579
    0.0890  242.9548
    0.0971  245.7601
    0.1052  248.4662
    0.1133  251.0794
    0.1214  253.5930
    0.1295  256.0127
    0.1376  258.3323
    0.1457  260.5572
    0.1538  262.6817
    0.1619  264.7107
    0.1700  266.6392
    0.1781  268.4695
    0.1862  270.2034
    0.1943  271.8367
    0.2024  273.3732
    0.2105  274.8091
    0.2186  276.1478
    0.2267  277.3860
    0.2348  278.5266
    0.2428  279.5669
    0.2509  280.5092
    0.2590  281.3514
    0.2671  282.0955
    0.2752  282.7396
    0.2833  283.2852
    0.2914  283.7311
    0.2995  284.0783
    0.3076  284.3261
    0.3157  284.4749
    0.3238  284.5244
    0.3363  284.4661
    0.3488  284.2917
    0.3613  284.0024
    0.3738  283.6001
    0.3863  283.0875
    0.3988  282.4679
    0.4113  281.7454
    0.4238  280.9244
    0.4363  280.0101
    0.4488  279.0077
    0.4613  277.9231
    0.4738  276.7620
    0.4863  275.5304
    0.4988  274.2343
    0.5113  272.8792
    0.5238  271.4708
    0.5363  270.0140
    0.5488  268.5134
    0.5613  266.9731
    0.5738  265.3964
    0.5863  263.7857
    0.5988  262.1430
    0.6113  260.4690
    0.6238  258.7638
    0.6363  257.0264
    0.6488  255.2549
    0.6613  253.4467
    0.6738  251.5982
    0.6863  249.7049
    0.6988  248.1718
    0.7113  246.9846
    0.7238  245.7158
    0.7363  244.4141
    0.7488  243.1264
    0.7613  241.8962
    0.7738  240.7624
    0.7863  239.7578
    0.7988  238.9078
    0.8113  238.2295
    0.8238  237.7479
    0.8363  237.7334
    0.8488  237.6904
    0.8613  237.6203
    0.8738  237.5254
    0.8863  237.4086
    0.8988  237.2741
    0.9113  237.1264
    0.9238  236.9709
    0.9363  236.8136
    0.9488  236.6612
    0.9613  236.5250
    0.9738  236.4111
    0.9863  236.3272
    0.9988  236.2852
    1.0113  236.3016
    1.0238  236.4020
    1.0363  236.6309
    1.0488  237.0730
    1.0613  237.8733
    1.0738  239.1622
    1.0863  240.8222
    1.0988  242.5393
    1.1113  244.0786
    1.1238  245.3325
    1.1363  246.2679
    1.1488  246.8868
    1.1613  247.2102
    1.1738  247.2709
    1.1863  247.1099
    1.1988  246.7738
    1.2113  246.3135
    1.2238  245.7816
    1.2363  245.2299
    1.2488  244.7052
    1.2613  244.2446
    1.2738  243.8708
    1.2863  243.5914
    1.2988  243.4023
    1.3113  243.2944
    1.3238  243.2595
    1.3415  243.3419
    1.3591  243.5865
    1.3768  243.9853
    1.3945  244.5247
    1.4122  245.1850
    1.4299  245.9406
    1.4475  246.7593
    1.4652  247.6026
    1.4829  248.4263
    1.5006  249.1807
    1.5182  249.8125
    1.5359  250.2663
    1.5536  250.4859
    1.5713  251.0512
    1.5890  252.1675
    1.6066  252.9914
    1.6243  253.4518
    1.6420  253.4836
    1.6597  253.0305
    1.6773  252.0473
    1.6950  250.8023
    1.7127  254.0258
    1.7304  257.0704
    1.7481  259.9438
    1.7657  262.6550
    1.7834  265.2125
    1.8011  267.6241
    1.8188  269.8951
    1.8364  272.0283
    1.8541  274.0233
    1.8718  275.8763
    1.8895  277.5805
    1.9072  279.1265
    1.9248  280.5028
    1.9425  281.6967
    1.9602  282.6954
    1.9779  283.4868
    1.9955  284.0604
    2.0132  284.4079
    2.0309  284.5244
    2.0503  284.3586
    2.0698  283.8643
    2.0892  283.0523
    2.1087  281.9383
    2.1281  280.5453
    2.1476  278.8992
    2.1670  277.0324
    2.1864  274.9783
    2.2059  272.7774
    2.2253  270.4712
    2.2448  268.1102
    2.2642  265.7478
    2.2837  263.4482
    2.3031  261.2778
    2.3225  259.3068
    2.3420  257.5934
    2.3614  256.1757
    2.3809  255.0551
    2.4003  254.1972
    2.4198  253.5387
    2.4392  253.0054
    2.4586  252.5290
    2.4781  252.0544
    2.4975  251.5445
    2.5170  250.9766
    2.5364  250.3402
    2.5559  249.6325
    2.5753  248.8556
    2.5947  248.0144
    2.6142  247.1149
    2.6336  246.1636
    2.6531  245.1665
    2.6725  244.1285
    2.6920  243.0523
    2.7114  241.9377
    2.7308  240.7795
    2.7503  239.5679
    2.7697  238.2878
    2.7892  236.9236
    2.8086  235.6605
 
