 &input
    amass(1)=55.845,
    amass(2)=55.845
    asr='crystal',
    flfrc='Fe_AFM.fc',
    flfrq='Fe_AFM.freq'
 &end
   201
   0.00000   0.00000   0.32379  1.00
   0.00000   0.00000   0.31569  1.00
   0.00000   0.00000   0.30760  1.00
   0.00000   0.00000   0.29951  1.00
   0.00000   0.00000   0.29141  1.00
   0.00000   0.00000   0.28332  1.00
   0.00000   0.00000   0.27522  1.00
   0.00000   0.00000   0.26713  1.00
   0.00000   0.00000   0.25903  1.00
   0.00000   0.00000   0.25094  1.00
   0.00000   0.00000   0.24284  1.00
   0.00000   0.00000   0.23475  1.00
   0.00000   0.00000   0.22665  1.00
   0.00000   0.00000   0.21856  1.00
   0.00000   0.00000   0.21046  1.00
   0.00000   0.00000   0.20237  1.00
   0.00000   0.00000   0.19427  1.00
   0.00000   0.00000   0.18618  1.00
   0.00000   0.00000   0.17808  1.00
   0.00000   0.00000   0.16999  1.00
   0.00000   0.00000   0.16189  1.00
   0.00000   0.00000   0.15380  1.00
   0.00000   0.00000   0.14571  1.00
   0.00000   0.00000   0.13761  1.00
   0.00000   0.00000   0.12952  1.00
   0.00000   0.00000   0.12142  1.00
   0.00000   0.00000   0.11333  1.00
   0.00000   0.00000   0.10523  1.00
   0.00000   0.00000   0.09714  1.00
   0.00000   0.00000   0.08904  1.00
   0.00000   0.00000   0.08095  1.00
   0.00000   0.00000   0.07285  1.00
   0.00000   0.00000   0.06476  1.00
   0.00000   0.00000   0.05666  1.00
   0.00000   0.00000   0.04857  1.00
   0.00000   0.00000   0.04047  1.00
   0.00000   0.00000   0.03238  1.00
   0.00000   0.00000   0.02428  1.00
   0.00000   0.00000   0.01619  1.00
   0.00000   0.00000   0.00809  1.00
   0.00000   0.00000   0.00000  1.00
   0.01250   0.00000   0.00000  1.00
   0.02500   0.00000   0.00000  1.00
   0.03750   0.00000   0.00000  1.00
   0.05000   0.00000   0.00000  1.00
   0.06250   0.00000   0.00000  1.00
   0.07500   0.00000   0.00000  1.00
   0.08750   0.00000   0.00000  1.00
   0.10000   0.00000   0.00000  1.00
   0.11250   0.00000   0.00000  1.00
   0.12500   0.00000   0.00000  1.00
   0.13750   0.00000   0.00000  1.00
   0.15000   0.00000   0.00000  1.00
   0.16250   0.00000   0.00000  1.00
   0.17500   0.00000   0.00000  1.00
   0.18750   0.00000   0.00000  1.00
   0.20000   0.00000   0.00000  1.00
   0.21250   0.00000   0.00000  1.00
   0.22500   0.00000   0.00000  1.00
   0.23750   0.00000   0.00000  1.00
   0.25000   0.00000   0.00000  1.00
   0.26250   0.00000   0.00000  1.00
   0.27500   0.00000   0.00000  1.00
   0.28750   0.00000   0.00000  1.00
   0.30000   0.00000   0.00000  1.00
   0.31250   0.00000   0.00000  1.00
   0.32500   0.00000   0.00000  1.00
   0.33750   0.00000   0.00000  1.00
   0.35000   0.00000   0.00000  1.00
   0.36250   0.00000   0.00000  1.00
   0.37500   0.00000   0.00000  1.00
   0.38750   0.00000   0.00000  1.00
   0.40000   0.00000   0.00000  1.00
   0.41250   0.00000   0.00000  1.00
   0.42500   0.00000   0.00000  1.00
   0.43750   0.00000   0.00000  1.00
   0.45000   0.00000   0.00000  1.00
   0.46250   0.00000   0.00000  1.00
   0.47500   0.00000   0.00000  1.00
   0.48750   0.00000   0.00000  1.00
   0.50000   0.00000   0.00000  1.00
   0.50000   0.01250   0.00000  1.00
   0.50000   0.02500   0.00000  1.00
   0.50000   0.03750   0.00000  1.00
   0.50000   0.05000   0.00000  1.00
   0.50000   0.06250   0.00000  1.00
   0.50000   0.07500   0.00000  1.00
   0.50000   0.08750   0.00000  1.00
   0.50000   0.10000   0.00000  1.00
   0.50000   0.11250   0.00000  1.00
   0.50000   0.12500   0.00000  1.00
   0.50000   0.13750   0.00000  1.00
   0.50000   0.15000   0.00000  1.00
   0.50000   0.16250   0.00000  1.00
   0.50000   0.17500   0.00000  1.00
   0.50000   0.18750   0.00000  1.00
   0.50000   0.20000   0.00000  1.00
   0.50000   0.21250   0.00000  1.00
   0.50000   0.22500   0.00000  1.00
   0.50000   0.23750   0.00000  1.00
   0.50000   0.25000   0.00000  1.00
   0.50000   0.26250   0.00000  1.00
   0.50000   0.27500   0.00000  1.00
   0.50000   0.28750   0.00000  1.00
   0.50000   0.30000   0.00000  1.00
   0.50000   0.31250   0.00000  1.00
   0.50000   0.32500   0.00000  1.00
   0.50000   0.33750   0.00000  1.00
   0.50000   0.35000   0.00000  1.00
   0.50000   0.36250   0.00000  1.00
   0.50000   0.37500   0.00000  1.00
   0.50000   0.38750   0.00000  1.00
   0.50000   0.40000   0.00000  1.00
   0.50000   0.41250   0.00000  1.00
   0.50000   0.42500   0.00000  1.00
   0.50000   0.43750   0.00000  1.00
   0.50000   0.45000   0.00000  1.00
   0.50000   0.46250   0.00000  1.00
   0.50000   0.47500   0.00000  1.00
   0.50000   0.48750   0.00000  1.00
   0.50000   0.50000   0.00000  1.00
   0.48750   0.48750   0.00000  1.00
   0.47500   0.47500   0.00000  1.00
   0.46250   0.46250   0.00000  1.00
   0.45000   0.45000   0.00000  1.00
   0.43750   0.43750   0.00000  1.00
   0.42500   0.42500   0.00000  1.00
   0.41250   0.41250   0.00000  1.00
   0.40000   0.40000   0.00000  1.00
   0.38750   0.38750   0.00000  1.00
   0.37500   0.37500   0.00000  1.00
   0.36250   0.36250   0.00000  1.00
   0.35000   0.35000   0.00000  1.00
   0.33750   0.33750   0.00000  1.00
   0.32500   0.32500   0.00000  1.00
   0.31250   0.31250   0.00000  1.00
   0.30000   0.30000   0.00000  1.00
   0.28750   0.28750   0.00000  1.00
   0.27500   0.27500   0.00000  1.00
   0.26250   0.26250   0.00000  1.00
   0.25000   0.25000   0.00000  1.00
   0.23750   0.23750   0.00000  1.00
   0.22500   0.22500   0.00000  1.00
   0.21250   0.21250   0.00000  1.00
   0.20000   0.20000   0.00000  1.00
   0.18750   0.18750   0.00000  1.00
   0.17500   0.17500   0.00000  1.00
   0.16250   0.16250   0.00000  1.00
   0.15000   0.15000   0.00000  1.00
   0.13750   0.13750   0.00000  1.00
   0.12500   0.12500   0.00000  1.00
   0.11250   0.11250   0.00000  1.00
   0.10000   0.10000   0.00000  1.00
   0.08750   0.08750   0.00000  1.00
   0.07500   0.07500   0.00000  1.00
   0.06250   0.06250   0.00000  1.00
   0.05000   0.05000   0.00000  1.00
   0.03750   0.03750   0.00000  1.00
   0.02500   0.02500   0.00000  1.00
   0.01250   0.01250   0.00000  1.00
   0.00000   0.00000   0.00000  1.00
   0.01250   0.01250   0.00809  1.00
   0.02500   0.02500   0.01619  1.00
   0.03750   0.03750   0.02428  1.00
   0.05000   0.05000   0.03238  1.00
   0.06250   0.06250   0.04047  1.00
   0.07500   0.07500   0.04857  1.00
   0.08750   0.08750   0.05666  1.00
   0.10000   0.10000   0.06476  1.00
   0.11250   0.11250   0.07285  1.00
   0.12500   0.12500   0.08095  1.00
   0.13750   0.13750   0.08904  1.00
   0.15000   0.15000   0.09714  1.00
   0.16250   0.16250   0.10523  1.00
   0.17500   0.17500   0.11333  1.00
   0.18750   0.18750   0.12142  1.00
   0.20000   0.20000   0.12952  1.00
   0.21250   0.21250   0.13761  1.00
   0.22500   0.22500   0.14571  1.00
   0.23750   0.23750   0.15380  1.00
   0.25000   0.25000   0.16189  1.00
   0.26250   0.26250   0.16999  1.00
   0.27500   0.27500   0.17808  1.00
   0.28750   0.28750   0.18618  1.00
   0.30000   0.30000   0.19427  1.00
   0.31250   0.31250   0.20237  1.00
   0.32500   0.32500   0.21046  1.00
   0.33750   0.33750   0.21856  1.00
   0.35000   0.35000   0.22665  1.00
   0.36250   0.36250   0.23475  1.00
   0.37500   0.37500   0.24284  1.00
   0.38750   0.38750   0.25094  1.00
   0.40000   0.40000   0.25903  1.00
   0.41250   0.41250   0.26713  1.00
   0.42500   0.42500   0.27522  1.00
   0.43750   0.43750   0.28332  1.00
   0.45000   0.45000   0.29141  1.00
   0.46250   0.46250   0.29951  1.00
   0.47500   0.47500   0.30760  1.00
   0.48750   0.48750   0.31569  1.00
   0.50000   0.50000   0.32379  1.00
