
&input
    asr='crystal',
amass(1)=6.941000e+00
amass(2)=1.599940e+01
amass(3)=1.902300e+02
    flfrc='q2r.fc',
    flfrq='matdyn.freq.disp'
/
1101
0.0000000000000000e+00    6.0535968798963724e-01    -1.9966147575359050e-01
3.8752511436344495e-03    6.0601821817456614e-01    -1.9766485831574421e-01
7.7505022872688990e-03    6.0667674835949503e-01    -1.9566824087789791e-01
1.1625753430903349e-02    6.0733527854442393e-01    -1.9367162344005162e-01
1.5501004574537798e-02    6.0799380872935282e-01    -1.9167500600220533e-01
1.9376255718172246e-02    6.0865233891428172e-01    -1.8967838856435904e-01
2.3251506861806694e-02    6.0931086909921062e-01    -1.8768177112651274e-01
2.7126758005441141e-02    6.0996939928413951e-01    -1.8568515368866645e-01
3.1002009149075589e-02    6.1062792946906841e-01    -1.8368853625082016e-01
3.4877260292710037e-02    6.1128645965399730e-01    -1.8169191881297386e-01
3.8752511436344485e-02    6.1194498983892620e-01    -1.7969530137512757e-01
4.2627762579978933e-02    6.1260352002385510e-01    -1.7769868393728128e-01
4.6503013723613380e-02    6.1326205020878399e-01    -1.7570206649943498e-01
5.0378264867247828e-02    6.1392058039371289e-01    -1.7370544906158869e-01
5.4253516010882276e-02    6.1457911057864179e-01    -1.7170883162374240e-01
5.8128767154516724e-02    6.1523764076357068e-01    -1.6971221418589610e-01
6.2004018298151171e-02    6.1589617094849958e-01    -1.6771559674804981e-01
6.5879269441785626e-02    6.1655470113342847e-01    -1.6571897931020352e-01
6.9754520585420074e-02    6.1721323131835737e-01    -1.6372236187235722e-01
7.3629771729054522e-02    6.1787176150328627e-01    -1.6172574443451093e-01
7.7505022872688970e-02    6.1853029168821516e-01    -1.5972912699666464e-01
8.1380274016323417e-02    6.1918882187314406e-01    -1.5773250955881835e-01
8.5255525159957865e-02    6.1984735205807295e-01    -1.5573589212097205e-01
8.9130776303592313e-02    6.2050588224300185e-01    -1.5373927468312576e-01
9.3006027447226761e-02    6.2116441242793075e-01    -1.5174265724527947e-01
9.6881278590861208e-02    6.2182294261285964e-01    -1.4974603980743317e-01
1.0075652973449566e-01    6.2248147279778854e-01    -1.4774942236958688e-01
1.0463178087813010e-01    6.2314000298271743e-01    -1.4575280493174059e-01
1.0850703202176455e-01    6.2379853316764633e-01    -1.4375618749389429e-01
1.1238228316539900e-01    6.2445706335257523e-01    -1.4175957005604800e-01
1.1625753430903345e-01    6.2511559353750412e-01    -1.3976295261820171e-01
1.2013278545266790e-01    6.2577412372243302e-01    -1.3776633518035541e-01
1.2400803659630234e-01    6.2643265390736191e-01    -1.3576971774250912e-01
1.2788328773993679e-01    6.2709118409229081e-01    -1.3377310030466283e-01
1.3175853888357125e-01    6.2774971427721971e-01    -1.3177648286681654e-01
1.3563379002720571e-01    6.2840824446214860e-01    -1.2977986542897024e-01
1.3950904117084018e-01    6.2906677464707750e-01    -1.2778324799112395e-01
1.4338429231447464e-01    6.2972530483200639e-01    -1.2578663055327766e-01
1.4725954345810910e-01    6.3038383501693529e-01    -1.2379001311543138e-01
1.5113479460174356e-01    6.3104236520186419e-01    -1.2179339567758510e-01
1.5501004574537802e-01    6.3170089538679308e-01    -1.1979677823973882e-01
1.5888529688901248e-01    6.3235942557172198e-01    -1.1780016080189254e-01
1.6276054803264695e-01    6.3301795575665087e-01    -1.1580354336404626e-01
1.6663579917628141e-01    6.3367648594157977e-01    -1.1380692592619998e-01
1.7051105031991587e-01    6.3433501612650867e-01    -1.1181030848835370e-01
1.7438630146355033e-01    6.3499354631143756e-01    -1.0981369105050742e-01
1.7826155260718479e-01    6.3565207649636646e-01    -1.0781707361266114e-01
1.8213680375081925e-01    6.3631060668129535e-01    -1.0582045617481486e-01
1.8601205489445372e-01    6.3696913686622425e-01    -1.0382383873696859e-01
1.8988730603808818e-01    6.3762766705115315e-01    -1.0182722129912231e-01
1.9376255718172264e-01    6.3828619723608204e-01    -9.9830603861276027e-02
1.9763780832535710e-01    6.3894472742101094e-01    -9.7833986423429747e-02
2.0151305946899156e-01    6.3960325760593983e-01    -9.5837368985583468e-02
2.0538831061262602e-01    6.4026178779086873e-01    -9.3840751547737189e-02
2.0926356175626049e-01    6.4092031797579763e-01    -9.1844134109890910e-02
2.1313881289989495e-01    6.4157884816072652e-01    -8.9847516672044631e-02
2.1701406404352941e-01    6.4223737834565542e-01    -8.7850899234198351e-02
2.2088931518716387e-01    6.4289590853058431e-01    -8.5854281796352072e-02
2.2476456633079833e-01    6.4355443871551321e-01    -8.3857664358505793e-02
2.2863981747443279e-01    6.4421296890044211e-01    -8.1861046920659514e-02
2.3251506861806726e-01    6.4487149908537100e-01    -7.9864429482813235e-02
2.3639031976170172e-01    6.4553002927029990e-01    -7.7867812044966955e-02
2.4026557090533618e-01    6.4618855945522879e-01    -7.5871194607120676e-02
2.4414082204897064e-01    6.4684708964015769e-01    -7.3874577169274397e-02
2.4801607319260510e-01    6.4750561982508659e-01    -7.1877959731428118e-02
2.5189132433623956e-01    6.4816415001001548e-01    -6.9881342293581838e-02
2.5576657547987403e-01    6.4882268019494438e-01    -6.7884724855735559e-02
2.5964182662350849e-01    6.4948121037987327e-01    -6.5888107417889280e-02
2.6351707776714295e-01    6.5013974056480217e-01    -6.3891489980043001e-02
2.6739232891077741e-01    6.5079827074973107e-01    -6.1894872542196715e-02
2.7126758005441187e-01    6.5145680093465996e-01    -5.9898255104350429e-02
2.7514283119804633e-01    6.5211533111958886e-01    -5.7901637666504142e-02
2.7901808234168080e-01    6.5277386130451776e-01    -5.5905020228657856e-02
2.8289333348531526e-01    6.5343239148944665e-01    -5.3908402790811570e-02
2.8676858462894972e-01    6.5409092167437555e-01    -5.1911785352965284e-02
2.9064383577258418e-01    6.5474945185930444e-01    -4.9915167915118998e-02
2.9451908691621864e-01    6.5540798204423334e-01    -4.7918550477272712e-02
2.9839433805985310e-01    6.5606651222916224e-01    -4.5921933039426426e-02
3.0226958920348757e-01    6.5672504241409113e-01    -4.3925315601580139e-02
3.0614484034712203e-01    6.5738357259902003e-01    -4.1928698163733853e-02
3.1002009149075649e-01    6.5804210278394892e-01    -3.9932080725887567e-02
3.1389534263439095e-01    6.5870063296887782e-01    -3.7935463288041281e-02
3.1777059377802541e-01    6.5935916315380672e-01    -3.5938845850194995e-02
3.2164584492165987e-01    6.6001769333873561e-01    -3.3942228412348709e-02
3.2552109606529434e-01    6.6067622352366451e-01    -3.1945610974502422e-02
3.2939634720892880e-01    6.6133475370859340e-01    -2.9948993536656136e-02
3.3327159835256326e-01    6.6199328389352230e-01    -2.7952376098809850e-02
3.3714684949619772e-01    6.6265181407845120e-01    -2.5955758660963564e-02
3.4102210063983218e-01    6.6331034426338009e-01    -2.3959141223117278e-02
3.4489735178346664e-01    6.6396887444830899e-01    -2.1962523785270992e-02
3.4877260292710111e-01    6.6462740463323788e-01    -1.9965906347424706e-02
3.5264785407073557e-01    6.6528593481816678e-01    -1.7969288909578419e-02
3.5652310521437003e-01    6.6594446500309568e-01    -1.5972671471732133e-02
3.6039835635800449e-01    6.6660299518802457e-01    -1.3976054033885847e-02
3.6427360750163895e-01    6.6726152537295347e-01    -1.1979436596039561e-02
3.6814885864527341e-01    6.6792005555788236e-01    -9.9828191581932749e-03
3.7202410978890788e-01    6.6857858574281126e-01    -7.9862017203469887e-03
3.7589936093254234e-01    6.6923711592774016e-01    -5.9895842825007034e-03
3.7977461207617680e-01    6.6989564611266905e-01    -3.9929668446544182e-03
3.8364986321981126e-01    6.7055417629759795e-01    -1.9963494068081329e-03
3.8752511436344494e-01    6.7121270648252340e-01    2.6803103803334939e-07
3.8364986321981048e-01    6.6450057941769813e-01    2.6535072765301589e-07
3.7977461207617602e-01    6.5778845235287287e-01    2.6267041727268239e-07
3.7589936093254156e-01    6.5107632528804760e-01    2.5999010689234889e-07
3.7202410978890710e-01    6.4436419822322233e-01    2.5730979651201540e-07
3.6814885864527264e-01    6.3765207115839706e-01    2.5462948613168190e-07
3.6427360750163817e-01    6.3093994409357179e-01    2.5194917575134840e-07
3.6039835635800371e-01    6.2422781702874652e-01    2.4926886537101490e-07
3.5652310521436925e-01    6.1751568996392125e-01    2.4658855499068141e-07
3.5264785407073479e-01    6.1080356289909599e-01    2.4390824461034791e-07
3.4877260292710033e-01    6.0409143583427072e-01    2.4122793423001441e-07
3.4489735178346587e-01    5.9737930876944545e-01    2.3854762384968091e-07
3.4102210063983140e-01    5.9066718170462018e-01    2.3586731346934742e-07
3.3714684949619694e-01    5.8395505463979491e-01    2.3318700308901392e-07
3.3327159835256248e-01    5.7724292757496964e-01    2.3050669270868042e-07
3.2939634720892802e-01    5.7053080051014438e-01    2.2782638232834692e-07
3.2552109606529356e-01    5.6381867344531911e-01    2.2514607194801343e-07
3.2164584492165910e-01    5.5710654638049384e-01    2.2246576156767993e-07
3.1777059377802463e-01    5.5039441931566857e-01    2.1978545118734643e-07
3.1389534263439017e-01    5.4368229225084330e-01    2.1710514080701293e-07
3.1002009149075571e-01    5.3697016518601803e-01    2.1442483042667944e-07
3.0614484034712125e-01    5.3025803812119277e-01    2.1174452004634594e-07
3.0226958920348679e-01    5.2354591105636750e-01    2.0906420966601244e-07
2.9839433805985233e-01    5.1683378399154223e-01    2.0638389928567894e-07
2.9451908691621786e-01    5.1012165692671696e-01    2.0370358890534544e-07
2.9064383577258340e-01    5.0340952986189169e-01    2.0102327852501195e-07
2.8676858462894894e-01    4.9669740279706648e-01    1.9834296814467845e-07
2.8289333348531448e-01    4.8998527573224127e-01    1.9566265776434495e-07
2.7901808234168002e-01    4.8327314866741605e-01    1.9298234738401145e-07
2.7514283119804556e-01    4.7656102160259084e-01    1.9030203700367796e-07
2.7126758005441109e-01    4.6984889453776563e-01    1.8762172662334446e-07
2.6739232891077663e-01    4.6313676747294041e-01    1.8494141624301096e-07
2.6351707776714217e-01    4.5642464040811520e-01    1.8226110586267746e-07
2.5964182662350771e-01    4.4971251334328999e-01    1.7958079548234397e-07
2.5576657547987325e-01    4.4300038627846478e-01    1.7690048510201047e-07
2.5189132433623879e-01    4.3628825921363956e-01    1.7422017472167697e-07
2.4801607319260432e-01    4.2957613214881435e-01    1.7153986434134347e-07
2.4414082204896986e-01    4.2286400508398914e-01    1.6885955396100998e-07
2.4026557090533540e-01    4.1615187801916392e-01    1.6617924358067648e-07
2.3639031976170094e-01    4.0943975095433871e-01    1.6349893320034298e-07
2.3251506861806648e-01    4.0272762388951350e-01    1.6081862282000948e-07
2.2863981747443202e-01    3.9601549682468828e-01    1.5813831243967599e-07
2.2476456633079755e-01    3.8930336975986307e-01    1.5545800205934249e-07
2.2088931518716309e-01    3.8259124269503786e-01    1.5277769167900899e-07
2.1701406404352863e-01    3.7587911563021265e-01    1.5009738129867549e-07
2.1313881289989417e-01    3.6916698856538743e-01    1.4741707091834200e-07
2.0926356175625971e-01    3.6245486150056222e-01    1.4473676053800850e-07
2.0538831061262525e-01    3.5574273443573701e-01    1.4205645015767500e-07
2.0151305946899079e-01    3.4903060737091179e-01    1.3937613977734150e-07
1.9763780832535632e-01    3.4231848030608658e-01    1.3669582939700801e-07
1.9376255718172186e-01    3.3560635324126137e-01    1.3401551901667451e-07
1.8988730603808740e-01    3.2889422617643616e-01    1.3133520863634101e-07
1.8601205489445294e-01    3.2218209911161094e-01    1.2865489825600751e-07
1.8213680375081848e-01    3.1546997204678573e-01    1.2597458787567402e-07
1.7826155260718402e-01    3.0875784498196052e-01    1.2329427749534052e-07
1.7438630146354955e-01    3.0204571791713530e-01    1.2061396711500702e-07
1.7051105031991509e-01    2.9533359085231009e-01    1.1793365673467352e-07
1.6663579917628063e-01    2.8862146378748488e-01    1.1525334635434002e-07
1.6276054803264617e-01    2.8190933672265966e-01    1.1257303597400653e-07
1.5888529688901171e-01    2.7519720965783445e-01    1.0989272559367303e-07
1.5501004574537725e-01    2.6848508259300924e-01    1.0721241521333953e-07
1.5113479460174278e-01    2.6177295552818403e-01    1.0453210483300603e-07
1.4725954345810832e-01    2.5506082846335881e-01    1.0185179445267254e-07
1.4338429231447386e-01    2.4834870139853357e-01    9.9171484072339040e-08
1.3950904117083940e-01    2.4163657433370833e-01    9.6491173692005542e-08
1.3563379002720494e-01    2.3492444726888309e-01    9.3810863311672044e-08
1.3175853888357048e-01    2.2821232020405785e-01    9.1130552931338547e-08
1.2788328773993601e-01    2.2150019313923261e-01    8.8450242551005049e-08
1.2400803659630157e-01    2.1478806607440737e-01    8.5769932170671552e-08
1.2013278545266712e-01    2.0807593900958213e-01    8.3089621790338054e-08
1.1625753430903267e-01    2.0136381194475689e-01    8.0409311410004557e-08
1.1238228316539822e-01    1.9465168487993165e-01    7.7729001029671059e-08
1.0850703202176377e-01    1.8793955781510641e-01    7.5048690649337561e-08
1.0463178087812933e-01    1.8122743075028117e-01    7.2368380269004064e-08
1.0075652973449488e-01    1.7451530368545592e-01    6.9688069888670566e-08
9.6881278590860431e-02    1.6780317662063068e-01    6.7007759508337069e-08
9.3006027447225983e-02    1.6109104955580544e-01    6.4327449128003571e-08
8.9130776303591536e-02    1.5437892249098020e-01    6.1647138747670074e-08
8.5255525159957088e-02    1.4766679542615496e-01    5.8966828367336583e-08
8.1380274016322640e-02    1.4095466836132972e-01    5.6286517987003092e-08
7.7505022872688192e-02    1.3424254129650448e-01    5.3606207606669601e-08
7.3629771729053745e-02    1.2753041423167924e-01    5.0925897226336110e-08
6.9754520585419297e-02    1.2081828716685400e-01    4.8245586846002619e-08
6.5879269441784849e-02    1.1410616010202876e-01    4.5565276465669128e-08
6.2004018298150401e-02    1.0739403303720352e-01    4.2884966085335637e-08
5.8128767154515953e-02    1.0068190597237828e-01    4.0204655705002146e-08
5.4253516010881506e-02    9.3969778907553037e-02    3.7524345324668655e-08
5.0378264867247058e-02    8.7257651842727796e-02    3.4844034944335164e-08
4.6503013723612610e-02    8.0545524777902555e-02    3.2163724564001673e-08
4.2627762579978162e-02    7.3833397713077314e-02    2.9483414183668179e-08
3.8752511436343715e-02    6.7121270648252074e-02    2.6803103803334685e-08
3.4877260292709267e-02    6.0409143583426840e-02    2.4122793423001190e-08
3.1002009149074819e-02    5.3697016518601606e-02    2.1442483042667696e-08
2.7126758005440371e-02    4.6984889453776373e-02    1.8762172662334202e-08
2.3251506861805923e-02    4.0272762388951139e-02    1.6081862282000707e-08
1.9376255718171476e-02    3.3560635324125905e-02    1.3401551901667213e-08
1.5501004574537026e-02    2.6848508259300671e-02    1.0721241521333719e-08
1.1625753430902577e-02    2.0136381194475438e-02    8.0409311410002247e-09
7.7505022872681271e-03    1.3424254129650204e-02    5.3606207606667304e-09
3.8752511436336776e-03    6.7121270648249701e-03    2.6803103803332366e-09
0.0000000000000000e+00    0.0000000000000000e+00    0.0000000000000000e+00
5.2425724376236535e-03    3.0267984399481862e-03    1.9966183835515628e-03
1.0485144875247307e-02    6.0535968798963724e-03    3.9932367671031256e-03
1.5727717312870960e-02    9.0803953198445586e-03    5.9898551506546889e-03
2.0970289750494614e-02    1.2107193759792745e-02    7.9864735342062513e-03
2.6212862188118267e-02    1.5133992199740931e-02    9.9830919177578137e-03
3.1455434625741921e-02    1.8160790639689117e-02    1.1979710301309376e-02
3.6698007063365574e-02    2.1187589079637303e-02    1.3976328684860938e-02
4.1940579500989228e-02    2.4214387519585490e-02    1.5972947068412503e-02
4.7183151938612881e-02    2.7241185959533676e-02    1.7969565451964067e-02
5.2425724376236535e-02    3.0267984399481862e-02    1.9966183835515631e-02
5.7668296813860188e-02    3.3294782839430048e-02    2.1962802219067195e-02
6.2910869251483842e-02    3.6321581279378234e-02    2.3959420602618759e-02
6.8153441689107502e-02    3.9348379719326421e-02    2.5956038986170323e-02
7.3396014126731163e-02    4.2375178159274607e-02    2.7952657369721887e-02
7.8638586564354823e-02    4.5401976599222793e-02    2.9949275753273451e-02
8.3881159001978484e-02    4.8428775039170979e-02    3.1945894136825012e-02
8.9123731439602144e-02    5.1455573479119165e-02    3.3942512520376576e-02
9.4366303877225804e-02    5.4482371919067352e-02    3.5939130903928140e-02
9.9608876314849465e-02    5.7509170359015538e-02    3.7935749287479704e-02
1.0485144875247313e-01    6.0535968798963724e-02    3.9932367671031269e-02
1.1009402119009679e-01    6.3562767238911910e-02    4.1928986054582833e-02
1.1533659362772045e-01    6.6589565678860096e-02    4.3925604438134397e-02
1.2057916606534411e-01    6.9616364118808283e-02    4.5922222821685961e-02
1.2582173850296777e-01    7.2643162558756469e-02    4.7918841205237525e-02
1.3106431094059143e-01    7.5669960998704655e-02    4.9915459588789089e-02
1.3630688337821509e-01    7.8696759438652841e-02    5.1912077972340653e-02
1.4154945581583875e-01    8.1723557878601027e-02    5.3908696355892217e-02
1.4679202825346241e-01    8.4750356318549214e-02    5.5905314739443782e-02
1.5203460069108607e-01    8.7777154758497400e-02    5.7901933122995346e-02
1.5727717312870973e-01    9.0803953198445586e-02    5.9898551506546910e-02
1.6251974556633339e-01    9.3830751638393772e-02    6.1895169890098474e-02
1.6776231800395705e-01    9.6857550078341959e-02    6.3891788273650038e-02
1.7300489044158071e-01    9.9884348518290145e-02    6.5888406657201595e-02
1.7824746287920437e-01    1.0291114695823833e-01    6.7885025040753152e-02
1.8349003531682803e-01    1.0593794539818652e-01    6.9881643424304710e-02
1.8873260775445169e-01    1.0896474383813470e-01    7.1878261807856267e-02
1.9397518019207535e-01    1.1199154227808289e-01    7.3874880191407824e-02
1.9921775262969901e-01    1.1501834071803108e-01    7.5871498574959381e-02
2.0446032506732267e-01    1.1804513915797926e-01    7.7868116958510938e-02
2.0970289750494633e-01    1.2107193759792745e-01    7.9864735342062496e-02
2.1494546994256999e-01    1.2409873603787563e-01    8.1861353725614053e-02
2.2018804238019365e-01    1.2712553447782382e-01    8.3857972109165610e-02
2.2543061481781732e-01    1.3015233291777201e-01    8.5854590492717167e-02
2.3067318725544098e-01    1.3317913135772019e-01    8.7851208876268724e-02
2.3591575969306464e-01    1.3620592979766838e-01    8.9847827259820282e-02
2.4115833213068830e-01    1.3923272823761657e-01    9.1844445643371839e-02
2.4640090456831196e-01    1.4225952667756475e-01    9.3841064026923396e-02
2.5164347700593559e-01    1.4528632511751294e-01    9.5837682410474953e-02
2.5688604944355925e-01    1.4831312355746112e-01    9.7834300794026510e-02
2.6212862188118291e-01    1.5133992199740931e-01    9.9830919177578067e-02
2.6737119431880657e-01    1.5436672043735750e-01    1.0182753756112962e-01
2.7261376675643023e-01    1.5739351887730568e-01    1.0382415594468118e-01
2.7785633919405389e-01    1.6042031731725387e-01    1.0582077432823274e-01
2.8309891163167755e-01    1.6344711575720205e-01    1.0781739271178430e-01
2.8834148406930121e-01    1.6647391419715024e-01    1.0981401109533585e-01
2.9358405650692487e-01    1.6950071263709843e-01    1.1181062947888741e-01
2.9882662894454853e-01    1.7252751107704661e-01    1.1380724786243897e-01
3.0406920138217219e-01    1.7555430951699480e-01    1.1580386624599052e-01
3.0931177381979585e-01    1.7858110795694299e-01    1.1780048462954208e-01
3.1455434625741951e-01    1.8160790639689117e-01    1.1979710301309364e-01
3.1979691869504318e-01    1.8463470483683936e-01    1.2179372139664520e-01
3.2503949113266684e-01    1.8766150327678754e-01    1.2379033978019675e-01
3.3028206357029050e-01    1.9068830171673573e-01    1.2578695816374832e-01
3.3552463600791416e-01    1.9371510015668392e-01    1.2778357654729988e-01
3.4076720844553782e-01    1.9674189859663210e-01    1.2978019493085144e-01
3.4600978088316148e-01    1.9976869703658029e-01    1.3177681331440300e-01
3.5125235332078514e-01    2.0279549547652848e-01    1.3377343169795455e-01
3.5649492575840880e-01    2.0582229391647666e-01    1.3577005008150611e-01
3.6173749819603246e-01    2.0884909235642485e-01    1.3776666846505767e-01
3.6698007063365612e-01    2.1187589079637303e-01    1.3976328684860923e-01
3.7222264307127978e-01    2.1490268923632122e-01    1.4175990523216078e-01
3.7746521550890344e-01    2.1792948767626941e-01    1.4375652361571234e-01
3.8270778794652710e-01    2.2095628611621759e-01    1.4575314199926390e-01
3.8795036038415076e-01    2.2398308455616578e-01    1.4774976038281545e-01
3.9319293282177442e-01    2.2700988299611397e-01    1.4974637876636701e-01
3.9843550525939808e-01    2.3003668143606215e-01    1.5174299714991857e-01
4.0367807769702174e-01    2.3306347987601034e-01    1.5373961553347013e-01
4.0892065013464540e-01    2.3609027831595852e-01    1.5573623391702168e-01
4.1416322257226906e-01    2.3911707675590671e-01    1.5773285230057324e-01
4.1940579500989272e-01    2.4214387519585490e-01    1.5972947068412480e-01
4.2464836744751638e-01    2.4517067363580308e-01    1.6172608906767635e-01
4.2989093988514004e-01    2.4819747207575127e-01    1.6372270745122791e-01
4.3513351232276370e-01    2.5122427051569945e-01    1.6571932583477947e-01
4.4037608476038737e-01    2.5425106895564764e-01    1.6771594421833103e-01
4.4561865719801103e-01    2.5727786739559583e-01    1.6971256260188258e-01
4.5086122963563469e-01    2.6030466583554401e-01    1.7170918098543414e-01
4.5610380207325835e-01    2.6333146427549220e-01    1.7370579936898570e-01
4.6134637451088201e-01    2.6635826271544039e-01    1.7570241775253725e-01
4.6658894694850567e-01    2.6938506115538857e-01    1.7769903613608881e-01
4.7183151938612933e-01    2.7241185959533676e-01    1.7969565451964037e-01
4.7707409182375299e-01    2.7543865803528494e-01    1.8169227290319193e-01
4.8231666426137665e-01    2.7846545647523313e-01    1.8368889128674348e-01
4.8755923669900031e-01    2.8149225491518132e-01    1.8568550967029504e-01
4.9280180913662397e-01    2.8451905335512950e-01    1.8768212805384660e-01
4.9804438157424763e-01    2.8754585179507769e-01    1.8967874643739815e-01
5.0328695401187129e-01    2.9057265023502588e-01    1.9167536482094971e-01
5.0852952644949490e-01    2.9359944867497406e-01    1.9367198320450127e-01
5.1377209888711850e-01    2.9662624711492225e-01    1.9566860158805283e-01
5.1901467132474211e-01    2.9965304555487043e-01    1.9766521997160438e-01
5.2425724376236538e-01    3.0267984399481862e-01    1.9966183835515627e-01
5.2174931391272017e-01    3.0702370280462454e-01    1.9966184008976137e-01
5.1924138406307496e-01    3.1136756161443047e-01    1.9966184182436647e-01
5.1673345421342975e-01    3.1571142042423639e-01    1.9966184355897157e-01
5.1422552436378455e-01    3.2005527923404231e-01    1.9966184529357667e-01
5.1171759451413934e-01    3.2439913804384823e-01    1.9966184702818177e-01
5.0920966466449413e-01    3.2874299685365416e-01    1.9966184876278686e-01
5.0670173481484893e-01    3.3308685566346008e-01    1.9966185049739196e-01
5.0419380496520372e-01    3.3743071447326600e-01    1.9966185223199706e-01
5.0168587511555851e-01    3.4177457328307193e-01    1.9966185396660216e-01
4.9917794526591325e-01    3.4611843209287785e-01    1.9966185570120726e-01
4.9667001541626798e-01    3.5046229090268377e-01    1.9966185743581236e-01
4.9416208556662272e-01    3.5480614971248969e-01    1.9966185917041746e-01
4.9165415571697746e-01    3.5915000852229562e-01    1.9966186090502255e-01
4.8914622586733220e-01    3.6349386733210154e-01    1.9966186263962765e-01
4.8663829601768693e-01    3.6783772614190746e-01    1.9966186437423275e-01
4.8413036616804167e-01    3.7218158495171338e-01    1.9966186610883785e-01
4.8162243631839641e-01    3.7652544376151931e-01    1.9966186784344295e-01
4.7911450646875114e-01    3.8086930257132523e-01    1.9966186957804805e-01
4.7660657661910588e-01    3.8521316138113115e-01    1.9966187131265314e-01
4.7409864676946062e-01    3.8955702019093708e-01    1.9966187304725824e-01
4.7159071691981536e-01    3.9390087900074300e-01    1.9966187478186334e-01
4.6908278707017009e-01    3.9824473781054892e-01    1.9966187651646844e-01
4.6657485722052483e-01    4.0258859662035484e-01    1.9966187825107354e-01
4.6406692737087957e-01    4.0693245543016077e-01    1.9966187998567864e-01
4.6155899752123430e-01    4.1127631423996669e-01    1.9966188172028373e-01
4.5905106767158904e-01    4.1562017304977261e-01    1.9966188345488883e-01
4.5654313782194378e-01    4.1996403185957853e-01    1.9966188518949393e-01
4.5403520797229852e-01    4.2430789066938446e-01    1.9966188692409903e-01
4.5152727812265325e-01    4.2865174947919038e-01    1.9966188865870413e-01
4.4901934827300799e-01    4.3299560828899630e-01    1.9966189039330923e-01
4.4651141842336273e-01    4.3733946709880223e-01    1.9966189212791433e-01
4.4400348857371746e-01    4.4168332590860815e-01    1.9966189386251942e-01
4.4149555872407220e-01    4.4602718471841407e-01    1.9966189559712452e-01
4.3898762887442694e-01    4.5037104352821999e-01    1.9966189733172962e-01
4.3647969902478168e-01    4.5471490233802592e-01    1.9966189906633472e-01
4.3397176917513641e-01    4.5905876114783184e-01    1.9966190080093982e-01
4.3146383932549115e-01    4.6340261995763776e-01    1.9966190253554492e-01
4.2895590947584589e-01    4.6774647876744369e-01    1.9966190427015001e-01
4.2644797962620062e-01    4.7209033757724961e-01    1.9966190600475511e-01
4.2394004977655536e-01    4.7643419638705553e-01    1.9966190773936021e-01
4.2143211992691010e-01    4.8077805519686145e-01    1.9966190947396531e-01
4.1892419007726484e-01    4.8512191400666738e-01    1.9966191120857041e-01
4.1641626022761957e-01    4.8946577281647330e-01    1.9966191294317551e-01
4.1390833037797431e-01    4.9380963162627922e-01    1.9966191467778061e-01
4.1140040052832905e-01    4.9815349043608514e-01    1.9966191641238570e-01
4.0889247067868378e-01    5.0249734924589107e-01    1.9966191814699080e-01
4.0638454082903852e-01    5.0684120805569699e-01    1.9966191988159590e-01
4.0387661097939326e-01    5.1118506686550291e-01    1.9966192161620100e-01
4.0136868112974800e-01    5.1552892567530884e-01    1.9966192335080610e-01
3.9886075128010273e-01    5.1987278448511476e-01    1.9966192508541120e-01
3.9635282143045747e-01    5.2421664329492068e-01    1.9966192682001629e-01
3.9384489158081221e-01    5.2856050210472660e-01    1.9966192855462139e-01
3.9133696173116694e-01    5.3290436091453253e-01    1.9966193028922649e-01
3.8882903188152168e-01    5.3724821972433845e-01    1.9966193202383159e-01
3.8632110203187642e-01    5.4159207853414437e-01    1.9966193375843669e-01
3.8381317218223115e-01    5.4593593734395029e-01    1.9966193549304179e-01
3.8130524233258589e-01    5.5027979615375622e-01    1.9966193722764689e-01
3.7879731248294063e-01    5.5462365496356214e-01    1.9966193896225198e-01
3.7628938263329537e-01    5.5896751377336806e-01    1.9966194069685708e-01
3.7378145278365010e-01    5.6331137258317399e-01    1.9966194243146218e-01
3.7127352293400484e-01    5.6765523139297991e-01    1.9966194416606728e-01
3.6876559308435958e-01    5.7199909020278583e-01    1.9966194590067238e-01
3.6625766323471431e-01    5.7634294901259175e-01    1.9966194763527748e-01
3.6374973338506905e-01    5.8068680782239768e-01    1.9966194936988257e-01
3.6124180353542379e-01    5.8503066663220360e-01    1.9966195110448767e-01
3.5873387368577853e-01    5.8937452544200952e-01    1.9966195283909277e-01
3.5622594383613326e-01    5.9371838425181545e-01    1.9966195457369787e-01
3.5371801398648800e-01    5.9806224306162137e-01    1.9966195630830297e-01
3.5121008413684274e-01    6.0240610187142729e-01    1.9966195804290807e-01
3.4870215428719747e-01    6.0674996068123321e-01    1.9966195977751316e-01
3.4619422443755221e-01    6.1109381949103914e-01    1.9966196151211826e-01
3.4368629458790695e-01    6.1543767830084506e-01    1.9966196324672336e-01
3.4117836473826169e-01    6.1978153711065098e-01    1.9966196498132846e-01
3.3867043488861642e-01    6.2412539592045690e-01    1.9966196671593356e-01
3.3616250503897116e-01    6.2846925473026283e-01    1.9966196845053866e-01
3.3365457518932590e-01    6.3281311354006875e-01    1.9966197018514376e-01
3.3114664533968063e-01    6.3715697234987467e-01    1.9966197191974885e-01
3.2863871549003537e-01    6.4150083115968060e-01    1.9966197365435395e-01
3.2613078564039011e-01    6.4584468996948652e-01    1.9966197538895905e-01
3.2362285579074485e-01    6.5018854877929244e-01    1.9966197712356415e-01
3.2111492594109958e-01    6.5453240758909836e-01    1.9966197885816925e-01
3.1860699609145432e-01    6.5887626639890429e-01    1.9966198059277435e-01
3.1609906624180906e-01    6.6322012520871021e-01    1.9966198232737944e-01
3.1359113639216379e-01    6.6756398401851613e-01    1.9966198406198454e-01
3.1108320654251853e-01    6.7190784282832205e-01    1.9966198579658964e-01
3.0857527669287327e-01    6.7625170163812798e-01    1.9966198753119474e-01
3.0606734684322801e-01    6.8059556044793390e-01    1.9966198926579984e-01
3.0355941699358274e-01    6.8493941925773982e-01    1.9966199100040494e-01
3.0105148714393748e-01    6.8928327806754575e-01    1.9966199273501004e-01
2.9854355729429222e-01    6.9362713687735167e-01    1.9966199446961513e-01
2.9603562744464695e-01    6.9797099568715759e-01    1.9966199620422023e-01
2.9352769759500169e-01    7.0231485449696351e-01    1.9966199793882533e-01
2.9101976774535643e-01    7.0665871330676944e-01    1.9966199967343043e-01
2.8851183789571117e-01    7.1100257211657536e-01    1.9966200140803553e-01
2.8600390804606590e-01    7.1534643092638128e-01    1.9966200314264063e-01
2.8349597819642064e-01    7.1969028973618721e-01    1.9966200487724572e-01
2.8098804834677538e-01    7.2403414854599313e-01    1.9966200661185082e-01
2.7848011849713011e-01    7.2837800735579905e-01    1.9966200834645592e-01
2.7597218864748485e-01    7.3272186616560497e-01    1.9966201008106102e-01
2.7346425879784081e-01    7.3706572497540968e-01    1.9966201181566659e-01
2.7072961620986241e-01    7.3706572497540968e-01    1.9966201181566659e-01
2.6799497362188401e-01    7.3706572497540968e-01    1.9966201181566659e-01
2.6526033103390562e-01    7.3706572497540968e-01    1.9966201181566659e-01
2.6252568844592722e-01    7.3706572497540968e-01    1.9966201181566659e-01
2.5979104585794882e-01    7.3706572497540968e-01    1.9966201181566659e-01
2.5705640326997042e-01    7.3706572497540968e-01    1.9966201181566659e-01
2.5432176068199203e-01    7.3706572497540968e-01    1.9966201181566659e-01
2.5158711809401363e-01    7.3706572497540968e-01    1.9966201181566659e-01
2.4885247550603523e-01    7.3706572497540968e-01    1.9966201181566659e-01
2.4611783291805683e-01    7.3706572497540968e-01    1.9966201181566659e-01
2.4338319033007844e-01    7.3706572497540968e-01    1.9966201181566659e-01
2.4064854774210004e-01    7.3706572497540968e-01    1.9966201181566659e-01
2.3791390515412164e-01    7.3706572497540968e-01    1.9966201181566659e-01
2.3517926256614324e-01    7.3706572497540968e-01    1.9966201181566659e-01
2.3244461997816485e-01    7.3706572497540968e-01    1.9966201181566659e-01
2.2970997739018645e-01    7.3706572497540968e-01    1.9966201181566659e-01
2.2697533480220805e-01    7.3706572497540968e-01    1.9966201181566659e-01
2.2424069221422965e-01    7.3706572497540968e-01    1.9966201181566659e-01
2.2150604962625126e-01    7.3706572497540968e-01    1.9966201181566659e-01
2.1877140703827286e-01    7.3706572497540968e-01    1.9966201181566659e-01
2.1603676445029446e-01    7.3706572497540968e-01    1.9966201181566659e-01
2.1330212186231606e-01    7.3706572497540968e-01    1.9966201181566659e-01
2.1056747927433767e-01    7.3706572497540968e-01    1.9966201181566659e-01
2.0783283668635927e-01    7.3706572497540968e-01    1.9966201181566659e-01
2.0509819409838087e-01    7.3706572497540968e-01    1.9966201181566659e-01
2.0236355151040247e-01    7.3706572497540968e-01    1.9966201181566659e-01
1.9962890892242408e-01    7.3706572497540968e-01    1.9966201181566659e-01
1.9689426633444568e-01    7.3706572497540968e-01    1.9966201181566659e-01
1.9415962374646728e-01    7.3706572497540968e-01    1.9966201181566659e-01
1.9142498115848888e-01    7.3706572497540968e-01    1.9966201181566659e-01
1.8869033857051049e-01    7.3706572497540968e-01    1.9966201181566659e-01
1.8595569598253209e-01    7.3706572497540968e-01    1.9966201181566659e-01
1.8322105339455369e-01    7.3706572497540968e-01    1.9966201181566659e-01
1.8048641080657529e-01    7.3706572497540968e-01    1.9966201181566659e-01
1.7775176821859690e-01    7.3706572497540968e-01    1.9966201181566659e-01
1.7501712563061850e-01    7.3706572497540968e-01    1.9966201181566659e-01
1.7228248304264010e-01    7.3706572497540968e-01    1.9966201181566659e-01
1.6954784045466170e-01    7.3706572497540968e-01    1.9966201181566659e-01
1.6681319786668330e-01    7.3706572497540968e-01    1.9966201181566659e-01
1.6407855527870491e-01    7.3706572497540968e-01    1.9966201181566659e-01
1.6134391269072651e-01    7.3706572497540968e-01    1.9966201181566659e-01
1.5860927010274811e-01    7.3706572497540968e-01    1.9966201181566659e-01
1.5587462751476971e-01    7.3706572497540968e-01    1.9966201181566659e-01
1.5313998492679132e-01    7.3706572497540968e-01    1.9966201181566659e-01
1.5040534233881292e-01    7.3706572497540968e-01    1.9966201181566659e-01
1.4767069975083452e-01    7.3706572497540968e-01    1.9966201181566659e-01
1.4493605716285612e-01    7.3706572497540968e-01    1.9966201181566659e-01
1.4220141457487773e-01    7.3706572497540968e-01    1.9966201181566659e-01
1.3946677198689933e-01    7.3706572497540968e-01    1.9966201181566659e-01
1.3673212939892093e-01    7.3706572497540968e-01    1.9966201181566659e-01
1.3399748681094253e-01    7.3706572497540968e-01    1.9966201181566659e-01
1.3126284422296414e-01    7.3706572497540968e-01    1.9966201181566659e-01
1.2852820163498574e-01    7.3706572497540968e-01    1.9966201181566659e-01
1.2579355904700734e-01    7.3706572497540968e-01    1.9966201181566659e-01
1.2305891645902893e-01    7.3706572497540968e-01    1.9966201181566659e-01
1.2032427387105052e-01    7.3706572497540968e-01    1.9966201181566659e-01
1.1758963128307211e-01    7.3706572497540968e-01    1.9966201181566659e-01
1.1485498869509370e-01    7.3706572497540968e-01    1.9966201181566659e-01
1.1212034610711528e-01    7.3706572497540968e-01    1.9966201181566659e-01
1.0938570351913687e-01    7.3706572497540968e-01    1.9966201181566659e-01
1.0665106093115846e-01    7.3706572497540968e-01    1.9966201181566659e-01
1.0391641834318005e-01    7.3706572497540968e-01    1.9966201181566659e-01
1.0118177575520164e-01    7.3706572497540968e-01    1.9966201181566659e-01
9.8447133167223227e-02    7.3706572497540968e-01    1.9966201181566659e-01
9.5712490579244816e-02    7.3706572497540968e-01    1.9966201181566659e-01
9.2977847991266405e-02    7.3706572497540968e-01    1.9966201181566659e-01
9.0243205403287993e-02    7.3706572497540968e-01    1.9966201181566659e-01
8.7508562815309582e-02    7.3706572497540968e-01    1.9966201181566659e-01
8.4773920227331170e-02    7.3706572497540968e-01    1.9966201181566659e-01
8.2039277639352759e-02    7.3706572497540968e-01    1.9966201181566659e-01
7.9304635051374348e-02    7.3706572497540968e-01    1.9966201181566659e-01
7.6569992463395936e-02    7.3706572497540968e-01    1.9966201181566659e-01
7.3835349875417525e-02    7.3706572497540968e-01    1.9966201181566659e-01
7.1100707287439113e-02    7.3706572497540968e-01    1.9966201181566659e-01
6.8366064699460702e-02    7.3706572497540968e-01    1.9966201181566659e-01
6.5631422111482290e-02    7.3706572497540968e-01    1.9966201181566659e-01
6.2896779523503879e-02    7.3706572497540968e-01    1.9966201181566659e-01
6.0162136935525468e-02    7.3706572497540968e-01    1.9966201181566659e-01
5.7427494347547056e-02    7.3706572497540968e-01    1.9966201181566659e-01
5.4692851759568645e-02    7.3706572497540968e-01    1.9966201181566659e-01
5.1958209171590233e-02    7.3706572497540968e-01    1.9966201181566659e-01
4.9223566583611822e-02    7.3706572497540968e-01    1.9966201181566659e-01
4.6488923995633410e-02    7.3706572497540968e-01    1.9966201181566659e-01
4.3754281407654999e-02    7.3706572497540968e-01    1.9966201181566659e-01
4.1019638819676588e-02    7.3706572497540968e-01    1.9966201181566659e-01
3.8284996231698176e-02    7.3706572497540968e-01    1.9966201181566659e-01
3.5550353643719765e-02    7.3706572497540968e-01    1.9966201181566659e-01
3.2815711055741353e-02    7.3706572497540968e-01    1.9966201181566659e-01
3.0081068467762945e-02    7.3706572497540968e-01    1.9966201181566659e-01
2.7346425879784537e-02    7.3706572497540968e-01    1.9966201181566659e-01
2.4611783291806130e-02    7.3706572497540968e-01    1.9966201181566659e-01
2.1877140703827722e-02    7.3706572497540968e-01    1.9966201181566659e-01
1.9142498115849314e-02    7.3706572497540968e-01    1.9966201181566659e-01
1.6407855527870906e-02    7.3706572497540968e-01    1.9966201181566659e-01
1.3673212939892498e-02    7.3706572497540968e-01    1.9966201181566659e-01
1.0938570351914090e-02    7.3706572497540968e-01    1.9966201181566659e-01
8.2039277639356818e-03    7.3706572497540968e-01    1.9966201181566659e-01
5.4692851759572739e-03    7.3706572497540968e-01    1.9966201181566659e-01
2.7346425879788659e-03    7.3706572497540968e-01    1.9966201181566659e-01
0.0000000000000000e+00    7.3706572497540968e-01    1.9966201181566653e-01
0.0000000000000000e+00    7.3574866460555199e-01    2.0165862846461299e-01
0.0000000000000000e+00    7.3443160423569431e-01    2.0365524511355945e-01
0.0000000000000000e+00    7.3311454386583663e-01    2.0565186176250591e-01
0.0000000000000000e+00    7.3179748349597895e-01    2.0764847841145237e-01
0.0000000000000000e+00    7.3048042312612127e-01    2.0964509506039883e-01
0.0000000000000000e+00    7.2916336275626359e-01    2.1164171170934529e-01
0.0000000000000000e+00    7.2784630238640591e-01    2.1363832835829175e-01
0.0000000000000000e+00    7.2652924201654823e-01    2.1563494500723820e-01
0.0000000000000000e+00    7.2521218164669055e-01    2.1763156165618466e-01
0.0000000000000000e+00    7.2389512127683286e-01    2.1962817830513112e-01
0.0000000000000000e+00    7.2257806090697518e-01    2.2162479495407758e-01
0.0000000000000000e+00    7.2126100053711750e-01    2.2362141160302404e-01
0.0000000000000000e+00    7.1994394016725982e-01    2.2561802825197050e-01
0.0000000000000000e+00    7.1862687979740214e-01    2.2761464490091696e-01
0.0000000000000000e+00    7.1730981942754446e-01    2.2961126154986342e-01
0.0000000000000000e+00    7.1599275905768678e-01    2.3160787819880987e-01
0.0000000000000000e+00    7.1467569868782910e-01    2.3360449484775633e-01
0.0000000000000000e+00    7.1335863831797142e-01    2.3560111149670279e-01
0.0000000000000000e+00    7.1204157794811374e-01    2.3759772814564925e-01
0.0000000000000000e+00    7.1072451757825605e-01    2.3959434479459571e-01
0.0000000000000000e+00    7.0940745720839837e-01    2.4159096144354217e-01
0.0000000000000000e+00    7.0809039683854069e-01    2.4358757809248863e-01
0.0000000000000000e+00    7.0677333646868301e-01    2.4558419474143509e-01
0.0000000000000000e+00    7.0545627609882533e-01    2.4758081139038154e-01
0.0000000000000000e+00    7.0413921572896765e-01    2.4957742803932800e-01
0.0000000000000000e+00    7.0282215535910997e-01    2.5157404468827449e-01
0.0000000000000000e+00    7.0150509498925229e-01    2.5357066133722095e-01
0.0000000000000000e+00    7.0018803461939461e-01    2.5556727798616741e-01
0.0000000000000000e+00    6.9887097424953692e-01    2.5756389463511387e-01
0.0000000000000000e+00    6.9755391387967924e-01    2.5956051128406032e-01
0.0000000000000000e+00    6.9623685350982156e-01    2.6155712793300678e-01
0.0000000000000000e+00    6.9491979313996388e-01    2.6355374458195324e-01
0.0000000000000000e+00    6.9360273277010620e-01    2.6555036123089970e-01
0.0000000000000000e+00    6.9228567240024852e-01    2.6754697787984616e-01
0.0000000000000000e+00    6.9096861203039084e-01    2.6954359452879262e-01
0.0000000000000000e+00    6.8965155166053316e-01    2.7154021117773908e-01
0.0000000000000000e+00    6.8833449129067548e-01    2.7353682782668554e-01
0.0000000000000000e+00    6.8701743092081780e-01    2.7553344447563199e-01
0.0000000000000000e+00    6.8570037055096011e-01    2.7753006112457845e-01
0.0000000000000000e+00    6.8438331018110243e-01    2.7952667777352491e-01
0.0000000000000000e+00    6.8306624981124475e-01    2.8152329442247137e-01
0.0000000000000000e+00    6.8174918944138707e-01    2.8351991107141783e-01
0.0000000000000000e+00    6.8043212907152939e-01    2.8551652772036429e-01
0.0000000000000000e+00    6.7911506870167171e-01    2.8751314436931075e-01
0.0000000000000000e+00    6.7779800833181403e-01    2.8950976101825721e-01
0.0000000000000000e+00    6.7648094796195635e-01    2.9150637766720366e-01
0.0000000000000000e+00    6.7516388759209867e-01    2.9350299431615012e-01
0.0000000000000000e+00    6.7384682722224098e-01    2.9549961096509658e-01
0.0000000000000000e+00    6.7252976685238330e-01    2.9749622761404304e-01
0.0000000000000000e+00    6.7121270648252562e-01    2.9949284426298950e-01
0.0000000000000000e+00    6.6989564611266794e-01    3.0148946091193596e-01
0.0000000000000000e+00    6.6857858574281026e-01    3.0348607756088242e-01
0.0000000000000000e+00    6.6726152537295258e-01    3.0548269420982888e-01
0.0000000000000000e+00    6.6594446500309490e-01    3.0747931085877533e-01
0.0000000000000000e+00    6.6462740463323722e-01    3.0947592750772179e-01
0.0000000000000000e+00    6.6331034426337954e-01    3.1147254415666825e-01
0.0000000000000000e+00    6.6199328389352186e-01    3.1346916080561471e-01
0.0000000000000000e+00    6.6067622352366417e-01    3.1546577745456117e-01
0.0000000000000000e+00    6.5935916315380649e-01    3.1746239410350763e-01
0.0000000000000000e+00    6.5804210278394881e-01    3.1945901075245409e-01
0.0000000000000000e+00    6.5672504241409113e-01    3.2145562740140055e-01
0.0000000000000000e+00    6.5540798204423345e-01    3.2345224405034700e-01
0.0000000000000000e+00    6.5409092167437577e-01    3.2544886069929346e-01
0.0000000000000000e+00    6.5277386130451809e-01    3.2744547734823992e-01
0.0000000000000000e+00    6.5145680093466041e-01    3.2944209399718638e-01
0.0000000000000000e+00    6.5013974056480273e-01    3.3143871064613284e-01
0.0000000000000000e+00    6.4882268019494505e-01    3.3343532729507930e-01
0.0000000000000000e+00    6.4750561982508736e-01    3.3543194394402576e-01
0.0000000000000000e+00    6.4618855945522968e-01    3.3742856059297222e-01
0.0000000000000000e+00    6.4487149908537200e-01    3.3942517724191867e-01
0.0000000000000000e+00    6.4355443871551432e-01    3.4142179389086513e-01
0.0000000000000000e+00    6.4223737834565664e-01    3.4341841053981159e-01
0.0000000000000000e+00    6.4092031797579896e-01    3.4541502718875805e-01
0.0000000000000000e+00    6.3960325760594128e-01    3.4741164383770451e-01
0.0000000000000000e+00    6.3828619723608360e-01    3.4940826048665097e-01
0.0000000000000000e+00    6.3696913686622592e-01    3.5140487713559743e-01
0.0000000000000000e+00    6.3565207649636823e-01    3.5340149378454389e-01
0.0000000000000000e+00    6.3433501612651055e-01    3.5539811043349034e-01
0.0000000000000000e+00    6.3301795575665287e-01    3.5739472708243680e-01
0.0000000000000000e+00    6.3170089538679519e-01    3.5939134373138326e-01
0.0000000000000000e+00    6.3038383501693751e-01    3.6138796038032972e-01
0.0000000000000000e+00    6.2906677464707983e-01    3.6338457702927618e-01
0.0000000000000000e+00    6.2774971427722215e-01    3.6538119367822264e-01
0.0000000000000000e+00    6.2643265390736447e-01    3.6737781032716910e-01
0.0000000000000000e+00    6.2511559353750679e-01    3.6937442697611556e-01
0.0000000000000000e+00    6.2379853316764911e-01    3.7137104362506201e-01
0.0000000000000000e+00    6.2248147279779142e-01    3.7336766027400847e-01
0.0000000000000000e+00    6.2116441242793374e-01    3.7536427692295493e-01
0.0000000000000000e+00    6.1984735205807606e-01    3.7736089357190139e-01
0.0000000000000000e+00    6.1853029168821838e-01    3.7935751022084785e-01
0.0000000000000000e+00    6.1721323131836070e-01    3.8135412686979431e-01
0.0000000000000000e+00    6.1589617094850302e-01    3.8335074351874077e-01
0.0000000000000000e+00    6.1457911057864534e-01    3.8534736016768723e-01
0.0000000000000000e+00    6.1326205020878766e-01    3.8734397681663368e-01
0.0000000000000000e+00    6.1194498983892998e-01    3.8934059346558014e-01
0.0000000000000000e+00    6.1062792946907229e-01    3.9133721011452660e-01
0.0000000000000000e+00    6.0931086909921461e-01    3.9333382676347306e-01
0.0000000000000000e+00    6.0799380872935693e-01    3.9533044341241952e-01
0.0000000000000000e+00    6.0667674835949925e-01    3.9732706006136598e-01
0.0000000000000000e+00    6.0535968798963724e-01    3.9932367671031255e-01
2.7346425879784075e-03    6.0535968798963724e-01    3.9932367671031255e-01
5.4692851759568150e-03    6.0535968798963724e-01    3.9932367671031255e-01
8.2039277639352221e-03    6.0535968798963724e-01    3.9932367671031255e-01
1.0938570351913630e-02    6.0535968798963724e-01    3.9932367671031255e-01
1.3673212939892038e-02    6.0535968798963724e-01    3.9932367671031255e-01
1.6407855527870444e-02    6.0535968798963724e-01    3.9932367671031255e-01
1.9142498115848852e-02    6.0535968798963724e-01    3.9932367671031255e-01
2.1877140703827260e-02    6.0535968798963724e-01    3.9932367671031255e-01
2.4611783291805668e-02    6.0535968798963724e-01    3.9932367671031255e-01
2.7346425879784076e-02    6.0535968798963724e-01    3.9932367671031255e-01
3.0081068467762484e-02    6.0535968798963724e-01    3.9932367671031255e-01
3.2815711055740888e-02    6.0535968798963724e-01    3.9932367671031255e-01
3.5550353643719293e-02    6.0535968798963724e-01    3.9932367671031255e-01
3.8284996231697697e-02    6.0535968798963724e-01    3.9932367671031255e-01
4.1019638819676102e-02    6.0535968798963724e-01    3.9932367671031255e-01
4.3754281407654506e-02    6.0535968798963724e-01    3.9932367671031255e-01
4.6488923995632911e-02    6.0535968798963724e-01    3.9932367671031255e-01
4.9223566583611315e-02    6.0535968798963724e-01    3.9932367671031255e-01
5.1958209171589720e-02    6.0535968798963724e-01    3.9932367671031255e-01
5.4692851759568124e-02    6.0535968798963724e-01    3.9932367671031255e-01
5.7427494347546529e-02    6.0535968798963724e-01    3.9932367671031255e-01
6.0162136935524933e-02    6.0535968798963724e-01    3.9932367671031255e-01
6.2896779523503338e-02    6.0535968798963724e-01    3.9932367671031255e-01
6.5631422111481749e-02    6.0535968798963724e-01    3.9932367671031255e-01
6.8366064699460161e-02    6.0535968798963724e-01    3.9932367671031255e-01
7.1100707287438572e-02    6.0535968798963724e-01    3.9932367671031255e-01
7.3835349875416983e-02    6.0535968798963724e-01    3.9932367671031255e-01
7.6569992463395395e-02    6.0535968798963724e-01    3.9932367671031255e-01
7.9304635051373806e-02    6.0535968798963724e-01    3.9932367671031255e-01
8.2039277639352218e-02    6.0535968798963724e-01    3.9932367671031255e-01
8.4773920227330629e-02    6.0535968798963724e-01    3.9932367671031255e-01
8.7508562815309041e-02    6.0535968798963724e-01    3.9932367671031255e-01
9.0243205403287452e-02    6.0535968798963724e-01    3.9932367671031255e-01
9.2977847991265863e-02    6.0535968798963724e-01    3.9932367671031255e-01
9.5712490579244275e-02    6.0535968798963724e-01    3.9932367671031255e-01
9.8447133167222686e-02    6.0535968798963724e-01    3.9932367671031255e-01
1.0118177575520110e-01    6.0535968798963724e-01    3.9932367671031255e-01
1.0391641834317951e-01    6.0535968798963724e-01    3.9932367671031255e-01
1.0665106093115792e-01    6.0535968798963724e-01    3.9932367671031255e-01
1.0938570351913633e-01    6.0535968798963724e-01    3.9932367671031255e-01
1.1212034610711474e-01    6.0535968798963724e-01    3.9932367671031255e-01
1.1485498869509315e-01    6.0535968798963724e-01    3.9932367671031255e-01
1.1758963128307157e-01    6.0535968798963724e-01    3.9932367671031255e-01
1.2032427387104998e-01    6.0535968798963724e-01    3.9932367671031255e-01
1.2305891645902839e-01    6.0535968798963724e-01    3.9932367671031255e-01
1.2579355904700679e-01    6.0535968798963724e-01    3.9932367671031255e-01
1.2852820163498518e-01    6.0535968798963724e-01    3.9932367671031255e-01
1.3126284422296358e-01    6.0535968798963724e-01    3.9932367671031255e-01
1.3399748681094198e-01    6.0535968798963724e-01    3.9932367671031255e-01
1.3673212939892038e-01    6.0535968798963724e-01    3.9932367671031255e-01
1.3946677198689877e-01    6.0535968798963724e-01    3.9932367671031255e-01
1.4220141457487717e-01    6.0535968798963724e-01    3.9932367671031255e-01
1.4493605716285557e-01    6.0535968798963724e-01    3.9932367671031255e-01
1.4767069975083397e-01    6.0535968798963724e-01    3.9932367671031255e-01
1.5040534233881236e-01    6.0535968798963724e-01    3.9932367671031255e-01
1.5313998492679076e-01    6.0535968798963724e-01    3.9932367671031255e-01
1.5587462751476916e-01    6.0535968798963724e-01    3.9932367671031255e-01
1.5860927010274756e-01    6.0535968798963724e-01    3.9932367671031255e-01
1.6134391269072595e-01    6.0535968798963724e-01    3.9932367671031255e-01
1.6407855527870435e-01    6.0535968798963724e-01    3.9932367671031255e-01
1.6681319786668275e-01    6.0535968798963724e-01    3.9932367671031255e-01
1.6954784045466115e-01    6.0535968798963724e-01    3.9932367671031255e-01
1.7228248304263954e-01    6.0535968798963724e-01    3.9932367671031255e-01
1.7501712563061794e-01    6.0535968798963724e-01    3.9932367671031255e-01
1.7775176821859634e-01    6.0535968798963724e-01    3.9932367671031255e-01
1.8048641080657474e-01    6.0535968798963724e-01    3.9932367671031255e-01
1.8322105339455313e-01    6.0535968798963724e-01    3.9932367671031255e-01
1.8595569598253153e-01    6.0535968798963724e-01    3.9932367671031255e-01
1.8869033857050993e-01    6.0535968798963724e-01    3.9932367671031255e-01
1.9142498115848833e-01    6.0535968798963724e-01    3.9932367671031255e-01
1.9415962374646673e-01    6.0535968798963724e-01    3.9932367671031255e-01
1.9689426633444512e-01    6.0535968798963724e-01    3.9932367671031255e-01
1.9962890892242352e-01    6.0535968798963724e-01    3.9932367671031255e-01
2.0236355151040192e-01    6.0535968798963724e-01    3.9932367671031255e-01
2.0509819409838032e-01    6.0535968798963724e-01    3.9932367671031255e-01
2.0783283668635871e-01    6.0535968798963724e-01    3.9932367671031255e-01
2.1056747927433711e-01    6.0535968798963724e-01    3.9932367671031255e-01
2.1330212186231551e-01    6.0535968798963724e-01    3.9932367671031255e-01
2.1603676445029391e-01    6.0535968798963724e-01    3.9932367671031255e-01
2.1877140703827230e-01    6.0535968798963724e-01    3.9932367671031255e-01
2.2150604962625070e-01    6.0535968798963724e-01    3.9932367671031255e-01
2.2424069221422910e-01    6.0535968798963724e-01    3.9932367671031255e-01
2.2697533480220750e-01    6.0535968798963724e-01    3.9932367671031255e-01
2.2970997739018589e-01    6.0535968798963724e-01    3.9932367671031255e-01
2.3244461997816429e-01    6.0535968798963724e-01    3.9932367671031255e-01
2.3517926256614269e-01    6.0535968798963724e-01    3.9932367671031255e-01
2.3791390515412109e-01    6.0535968798963724e-01    3.9932367671031255e-01
2.4064854774209948e-01    6.0535968798963724e-01    3.9932367671031255e-01
2.4338319033007788e-01    6.0535968798963724e-01    3.9932367671031255e-01
2.4611783291805628e-01    6.0535968798963724e-01    3.9932367671031255e-01
2.4885247550603468e-01    6.0535968798963724e-01    3.9932367671031255e-01
2.5158711809401307e-01    6.0535968798963724e-01    3.9932367671031255e-01
2.5432176068199147e-01    6.0535968798963724e-01    3.9932367671031255e-01
2.5705640326996987e-01    6.0535968798963724e-01    3.9932367671031255e-01
2.5979104585794827e-01    6.0535968798963724e-01    3.9932367671031255e-01
2.6252568844592666e-01    6.0535968798963724e-01    3.9932367671031255e-01
2.6526033103390506e-01    6.0535968798963724e-01    3.9932367671031255e-01
2.6799497362188346e-01    6.0535968798963724e-01    3.9932367671031255e-01
2.7072961620986186e-01    6.0535968798963724e-01    3.9932367671031255e-01
2.7346425879784075e-01    6.0535968798963724e-01    3.9932367671031255e-01
2.7346425879784075e-01    6.0404262761977956e-01    4.0132029335925901e-01
2.7346425879784075e-01    6.0272556724992188e-01    4.0331691000820546e-01
2.7346425879784075e-01    6.0140850688006420e-01    4.0531352665715192e-01
2.7346425879784075e-01    6.0009144651020652e-01    4.0731014330609838e-01
2.7346425879784075e-01    5.9877438614034884e-01    4.0930675995504484e-01
2.7346425879784075e-01    5.9745732577049115e-01    4.1130337660399130e-01
2.7346425879784075e-01    5.9614026540063347e-01    4.1329999325293776e-01
2.7346425879784075e-01    5.9482320503077579e-01    4.1529660990188422e-01
2.7346425879784075e-01    5.9350614466091811e-01    4.1729322655083068e-01
2.7346425879784075e-01    5.9218908429106043e-01    4.1928984319977713e-01
2.7346425879784075e-01    5.9087202392120275e-01    4.2128645984872359e-01
2.7346425879784075e-01    5.8955496355134507e-01    4.2328307649767005e-01
2.7346425879784075e-01    5.8823790318148739e-01    4.2527969314661651e-01
2.7346425879784075e-01    5.8692084281162971e-01    4.2727630979556297e-01
2.7346425879784075e-01    5.8560378244177203e-01    4.2927292644450943e-01
2.7346425879784075e-01    5.8428672207191434e-01    4.3126954309345589e-01
2.7346425879784075e-01    5.8296966170205666e-01    4.3326615974240235e-01
2.7346425879784075e-01    5.8165260133219898e-01    4.3526277639134880e-01
2.7346425879784075e-01    5.8033554096234130e-01    4.3725939304029526e-01
2.7346425879784075e-01    5.7901848059248362e-01    4.3925600968924172e-01
2.7346425879784075e-01    5.7770142022262594e-01    4.4125262633818818e-01
2.7346425879784075e-01    5.7638435985276826e-01    4.4324924298713464e-01
2.7346425879784075e-01    5.7506729948291058e-01    4.4524585963608110e-01
2.7346425879784075e-01    5.7375023911305290e-01    4.4724247628502756e-01
2.7346425879784075e-01    5.7243317874319521e-01    4.4923909293397402e-01
2.7346425879784075e-01    5.7111611837333753e-01    4.5123570958292047e-01
2.7346425879784075e-01    5.6979905800347985e-01    4.5323232623186693e-01
2.7346425879784075e-01    5.6848199763362217e-01    4.5522894288081339e-01
2.7346425879784075e-01    5.6716493726376449e-01    4.5722555952975985e-01
2.7346425879784075e-01    5.6584787689390681e-01    4.5922217617870631e-01
2.7346425879784075e-01    5.6453081652404913e-01    4.6121879282765277e-01
2.7346425879784075e-01    5.6321375615419145e-01    4.6321540947659923e-01
2.7346425879784075e-01    5.6189669578433377e-01    4.6521202612554569e-01
2.7346425879784075e-01    5.6057963541447609e-01    4.6720864277449214e-01
2.7346425879784075e-01    5.5926257504461840e-01    4.6920525942343860e-01
2.7346425879784075e-01    5.5794551467476072e-01    4.7120187607238506e-01
2.7346425879784075e-01    5.5662845430490304e-01    4.7319849272133152e-01
2.7346425879784075e-01    5.5531139393504536e-01    4.7519510937027798e-01
2.7346425879784075e-01    5.5399433356518768e-01    4.7719172601922444e-01
2.7346425879784075e-01    5.5267727319533000e-01    4.7918834266817090e-01
2.7346425879784075e-01    5.5136021282547232e-01    4.8118495931711736e-01
2.7346425879784075e-01    5.5004315245561464e-01    4.8318157596606381e-01
2.7346425879784075e-01    5.4872609208575696e-01    4.8517819261501027e-01
2.7346425879784075e-01    5.4740903171589927e-01    4.8717480926395673e-01
2.7346425879784075e-01    5.4609197134604159e-01    4.8917142591290319e-01
2.7346425879784075e-01    5.4477491097618391e-01    4.9116804256184965e-01
2.7346425879784075e-01    5.4345785060632623e-01    4.9316465921079611e-01
2.7346425879784075e-01    5.4214079023646855e-01    4.9516127585974257e-01
2.7346425879784075e-01    5.4082372986661087e-01    4.9715789250868903e-01
2.7346425879784075e-01    5.3950666949675319e-01    4.9915450915763548e-01
2.7346425879784075e-01    5.3818960912689551e-01    5.0115112580658194e-01
2.7346425879784075e-01    5.3687254875703783e-01    5.0314774245552840e-01
2.7346425879784075e-01    5.3555548838718015e-01    5.0514435910447486e-01
2.7346425879784075e-01    5.3423842801732246e-01    5.0714097575342132e-01
2.7346425879784075e-01    5.3292136764746478e-01    5.0913759240236778e-01
2.7346425879784075e-01    5.3160430727760710e-01    5.1113420905131424e-01
2.7346425879784075e-01    5.3028724690774942e-01    5.1313082570026070e-01
2.7346425879784075e-01    5.2897018653789174e-01    5.1512744234920715e-01
2.7346425879784075e-01    5.2765312616803406e-01    5.1712405899815361e-01
2.7346425879784075e-01    5.2633606579817638e-01    5.1912067564710007e-01
2.7346425879784075e-01    5.2501900542831870e-01    5.2111729229604653e-01
2.7346425879784075e-01    5.2370194505846102e-01    5.2311390894499299e-01
2.7346425879784075e-01    5.2238488468860333e-01    5.2511052559393945e-01
2.7346425879784075e-01    5.2106782431874565e-01    5.2710714224288591e-01
2.7346425879784075e-01    5.1975076394888797e-01    5.2910375889183237e-01
2.7346425879784075e-01    5.1843370357903029e-01    5.3110037554077882e-01
2.7346425879784075e-01    5.1711664320917261e-01    5.3309699218972528e-01
2.7346425879784075e-01    5.1579958283931493e-01    5.3509360883867174e-01
2.7346425879784075e-01    5.1448252246945725e-01    5.3709022548761820e-01
2.7346425879784075e-01    5.1316546209959957e-01    5.3908684213656466e-01
2.7346425879784075e-01    5.1184840172974189e-01    5.4108345878551112e-01
2.7346425879784075e-01    5.1053134135988421e-01    5.4308007543445758e-01
2.7346425879784075e-01    5.0921428099002652e-01    5.4507669208340404e-01
2.7346425879784075e-01    5.0789722062016884e-01    5.4707330873235049e-01
2.7346425879784075e-01    5.0658016025031116e-01    5.4906992538129695e-01
2.7346425879784075e-01    5.0526309988045348e-01    5.5106654203024341e-01
2.7346425879784075e-01    5.0394603951059580e-01    5.5306315867918987e-01
2.7346425879784075e-01    5.0262897914073812e-01    5.5505977532813633e-01
2.7346425879784075e-01    5.0131191877088044e-01    5.5705639197708279e-01
2.7346425879784075e-01    4.9999485840102270e-01    5.5905300862602925e-01
2.7346425879784075e-01    4.9867779803116496e-01    5.6104962527497571e-01
2.7346425879784075e-01    4.9736073766130723e-01    5.6304624192392216e-01
2.7346425879784075e-01    4.9604367729144949e-01    5.6504285857286862e-01
2.7346425879784075e-01    4.9472661692159176e-01    5.6703947522181508e-01
2.7346425879784075e-01    4.9340955655173402e-01    5.6903609187076154e-01
2.7346425879784075e-01    4.9209249618187628e-01    5.7103270851970800e-01
2.7346425879784075e-01    4.9077543581201855e-01    5.7302932516865446e-01
2.7346425879784075e-01    4.8945837544216081e-01    5.7502594181760092e-01
2.7346425879784075e-01    4.8814131507230307e-01    5.7702255846654738e-01
2.7346425879784075e-01    4.8682425470244534e-01    5.7901917511549383e-01
2.7346425879784075e-01    4.8550719433258760e-01    5.8101579176444029e-01
2.7346425879784075e-01    4.8419013396272986e-01    5.8301240841338675e-01
2.7346425879784075e-01    4.8287307359287213e-01    5.8500902506233321e-01
2.7346425879784075e-01    4.8155601322301439e-01    5.8700564171127967e-01
2.7346425879784075e-01    4.8023895285315665e-01    5.8900225836022613e-01
2.7346425879784075e-01    4.7892189248329892e-01    5.9099887500917259e-01
2.7346425879784075e-01    4.7760483211344118e-01    5.9299549165811904e-01
2.7346425879784075e-01    4.7628777174358344e-01    5.9499210830706550e-01
2.7346425879784075e-01    4.7497071137372571e-01    5.9698872495601196e-01
2.7346425879784086e-01    4.7365365100386475e-01    5.9898534160495864e-01
2.7072961620986247e-01    4.7365365100386475e-01    5.9898534160495864e-01
2.6799497362188407e-01    4.7365365100386475e-01    5.9898534160495864e-01
2.6526033103390567e-01    4.7365365100386475e-01    5.9898534160495864e-01
2.6252568844592727e-01    4.7365365100386475e-01    5.9898534160495864e-01
2.5979104585794888e-01    4.7365365100386475e-01    5.9898534160495864e-01
2.5705640326997048e-01    4.7365365100386475e-01    5.9898534160495864e-01
2.5432176068199208e-01    4.7365365100386475e-01    5.9898534160495864e-01
2.5158711809401368e-01    4.7365365100386475e-01    5.9898534160495864e-01
2.4885247550603529e-01    4.7365365100386475e-01    5.9898534160495864e-01
2.4611783291805689e-01    4.7365365100386475e-01    5.9898534160495864e-01
2.4338319033007849e-01    4.7365365100386475e-01    5.9898534160495864e-01
2.4064854774210009e-01    4.7365365100386475e-01    5.9898534160495864e-01
2.3791390515412170e-01    4.7365365100386475e-01    5.9898534160495864e-01
2.3517926256614330e-01    4.7365365100386475e-01    5.9898534160495864e-01
2.3244461997816490e-01    4.7365365100386475e-01    5.9898534160495864e-01
2.2970997739018650e-01    4.7365365100386475e-01    5.9898534160495864e-01
2.2697533480220811e-01    4.7365365100386475e-01    5.9898534160495864e-01
2.2424069221422971e-01    4.7365365100386475e-01    5.9898534160495864e-01
2.2150604962625131e-01    4.7365365100386475e-01    5.9898534160495864e-01
2.1877140703827291e-01    4.7365365100386475e-01    5.9898534160495864e-01
2.1603676445029452e-01    4.7365365100386475e-01    5.9898534160495864e-01
2.1330212186231612e-01    4.7365365100386475e-01    5.9898534160495864e-01
2.1056747927433772e-01    4.7365365100386475e-01    5.9898534160495864e-01
2.0783283668635932e-01    4.7365365100386475e-01    5.9898534160495864e-01
2.0509819409838093e-01    4.7365365100386475e-01    5.9898534160495864e-01
2.0236355151040253e-01    4.7365365100386475e-01    5.9898534160495864e-01
1.9962890892242413e-01    4.7365365100386475e-01    5.9898534160495864e-01
1.9689426633444573e-01    4.7365365100386475e-01    5.9898534160495864e-01
1.9415962374646734e-01    4.7365365100386475e-01    5.9898534160495864e-01
1.9142498115848894e-01    4.7365365100386475e-01    5.9898534160495864e-01
1.8869033857051054e-01    4.7365365100386475e-01    5.9898534160495864e-01
1.8595569598253214e-01    4.7365365100386475e-01    5.9898534160495864e-01
1.8322105339455375e-01    4.7365365100386475e-01    5.9898534160495864e-01
1.8048641080657535e-01    4.7365365100386475e-01    5.9898534160495864e-01
1.7775176821859695e-01    4.7365365100386475e-01    5.9898534160495864e-01
1.7501712563061855e-01    4.7365365100386475e-01    5.9898534160495864e-01
1.7228248304264016e-01    4.7365365100386475e-01    5.9898534160495864e-01
1.6954784045466176e-01    4.7365365100386475e-01    5.9898534160495864e-01
1.6681319786668336e-01    4.7365365100386475e-01    5.9898534160495864e-01
1.6407855527870496e-01    4.7365365100386475e-01    5.9898534160495864e-01
1.6134391269072657e-01    4.7365365100386475e-01    5.9898534160495864e-01
1.5860927010274817e-01    4.7365365100386475e-01    5.9898534160495864e-01
1.5587462751476977e-01    4.7365365100386475e-01    5.9898534160495864e-01
1.5313998492679137e-01    4.7365365100386475e-01    5.9898534160495864e-01
1.5040534233881298e-01    4.7365365100386475e-01    5.9898534160495864e-01
1.4767069975083458e-01    4.7365365100386475e-01    5.9898534160495864e-01
1.4493605716285618e-01    4.7365365100386475e-01    5.9898534160495864e-01
1.4220141457487778e-01    4.7365365100386475e-01    5.9898534160495864e-01
1.3946677198689938e-01    4.7365365100386475e-01    5.9898534160495864e-01
1.3673212939892099e-01    4.7365365100386475e-01    5.9898534160495864e-01
1.3399748681094259e-01    4.7365365100386475e-01    5.9898534160495864e-01
1.3126284422296419e-01    4.7365365100386475e-01    5.9898534160495864e-01
1.2852820163498579e-01    4.7365365100386475e-01    5.9898534160495864e-01
1.2579355904700740e-01    4.7365365100386475e-01    5.9898534160495864e-01
1.2305891645902899e-01    4.7365365100386475e-01    5.9898534160495864e-01
1.2032427387105057e-01    4.7365365100386475e-01    5.9898534160495864e-01
1.1758963128307216e-01    4.7365365100386475e-01    5.9898534160495864e-01
1.1485498869509375e-01    4.7365365100386475e-01    5.9898534160495864e-01
1.1212034610711534e-01    4.7365365100386475e-01    5.9898534160495864e-01
1.0938570351913693e-01    4.7365365100386475e-01    5.9898534160495864e-01
1.0665106093115852e-01    4.7365365100386475e-01    5.9898534160495864e-01
1.0391641834318011e-01    4.7365365100386475e-01    5.9898534160495864e-01
1.0118177575520169e-01    4.7365365100386475e-01    5.9898534160495864e-01
9.8447133167223283e-02    4.7365365100386475e-01    5.9898534160495864e-01
9.5712490579244872e-02    4.7365365100386475e-01    5.9898534160495864e-01
9.2977847991266460e-02    4.7365365100386475e-01    5.9898534160495864e-01
9.0243205403288049e-02    4.7365365100386475e-01    5.9898534160495864e-01
8.7508562815309637e-02    4.7365365100386475e-01    5.9898534160495864e-01
8.4773920227331226e-02    4.7365365100386475e-01    5.9898534160495864e-01
8.2039277639352814e-02    4.7365365100386475e-01    5.9898534160495864e-01
7.9304635051374403e-02    4.7365365100386475e-01    5.9898534160495864e-01
7.6569992463395992e-02    4.7365365100386475e-01    5.9898534160495864e-01
7.3835349875417580e-02    4.7365365100386475e-01    5.9898534160495864e-01
7.1100707287439169e-02    4.7365365100386475e-01    5.9898534160495864e-01
6.8366064699460757e-02    4.7365365100386475e-01    5.9898534160495864e-01
6.5631422111482346e-02    4.7365365100386475e-01    5.9898534160495864e-01
6.2896779523503935e-02    4.7365365100386475e-01    5.9898534160495864e-01
6.0162136935525523e-02    4.7365365100386475e-01    5.9898534160495864e-01
5.7427494347547112e-02    4.7365365100386475e-01    5.9898534160495864e-01
5.4692851759568700e-02    4.7365365100386475e-01    5.9898534160495864e-01
5.1958209171590289e-02    4.7365365100386475e-01    5.9898534160495864e-01
4.9223566583611877e-02    4.7365365100386475e-01    5.9898534160495864e-01
4.6488923995633466e-02    4.7365365100386475e-01    5.9898534160495864e-01
4.3754281407655055e-02    4.7365365100386475e-01    5.9898534160495864e-01
4.1019638819676643e-02    4.7365365100386475e-01    5.9898534160495864e-01
3.8284996231698232e-02    4.7365365100386475e-01    5.9898534160495864e-01
3.5550353643719820e-02    4.7365365100386475e-01    5.9898534160495864e-01
3.2815711055741409e-02    4.7365365100386475e-01    5.9898534160495864e-01
3.0081068467763001e-02    4.7365365100386475e-01    5.9898534160495864e-01
2.7346425879784593e-02    4.7365365100386475e-01    5.9898534160495864e-01
2.4611783291806185e-02    4.7365365100386475e-01    5.9898534160495864e-01
2.1877140703827777e-02    4.7365365100386475e-01    5.9898534160495864e-01
1.9142498115849369e-02    4.7365365100386475e-01    5.9898534160495864e-01
1.6407855527870961e-02    4.7365365100386475e-01    5.9898534160495864e-01
1.3673212939892553e-02    4.7365365100386475e-01    5.9898534160495864e-01
1.0938570351914145e-02    4.7365365100386475e-01    5.9898534160495864e-01
8.2039277639357373e-03    4.7365365100386475e-01    5.9898534160495864e-01
5.4692851759573285e-03    4.7365365100386475e-01    5.9898534160495864e-01
2.7346425879789197e-03    4.7365365100386475e-01    5.9898534160495864e-01
0.0000000000000000e+00    4.7365365100386475e-01    5.9898534160495853e-01
0.0000000000000000e+00    4.6891711449382611e-01    5.9898533971354795e-01
0.0000000000000000e+00    4.6418057798378748e-01    5.9898533782213736e-01
0.0000000000000000e+00    4.5944404147374884e-01    5.9898533593072678e-01
0.0000000000000000e+00    4.5470750496371021e-01    5.9898533403931620e-01
0.0000000000000000e+00    4.4997096845367157e-01    5.9898533214790561e-01
0.0000000000000000e+00    4.4523443194363294e-01    5.9898533025649503e-01
0.0000000000000000e+00    4.4049789543359430e-01    5.9898532836508445e-01
0.0000000000000000e+00    4.3576135892355566e-01    5.9898532647367386e-01
0.0000000000000000e+00    4.3102482241351703e-01    5.9898532458226328e-01
0.0000000000000000e+00    4.2628828590347839e-01    5.9898532269085270e-01
0.0000000000000000e+00    4.2155174939343976e-01    5.9898532079944211e-01
0.0000000000000000e+00    4.1681521288340112e-01    5.9898531890803153e-01
0.0000000000000000e+00    4.1207867637336248e-01    5.9898531701662094e-01
0.0000000000000000e+00    4.0734213986332385e-01    5.9898531512521036e-01
0.0000000000000000e+00    4.0260560335328521e-01    5.9898531323379978e-01
0.0000000000000000e+00    3.9786906684324658e-01    5.9898531134238919e-01
0.0000000000000000e+00    3.9313253033320794e-01    5.9898530945097861e-01
0.0000000000000000e+00    3.8839599382316931e-01    5.9898530755956803e-01
0.0000000000000000e+00    3.8365945731313067e-01    5.9898530566815744e-01
0.0000000000000000e+00    3.7892292080309203e-01    5.9898530377674686e-01
0.0000000000000000e+00    3.7418638429305340e-01    5.9898530188533627e-01
0.0000000000000000e+00    3.6944984778301476e-01    5.9898529999392569e-01
0.0000000000000000e+00    3.6471331127297613e-01    5.9898529810251511e-01
0.0000000000000000e+00    3.5997677476293749e-01    5.9898529621110452e-01
0.0000000000000000e+00    3.5524023825289885e-01    5.9898529431969394e-01
0.0000000000000000e+00    3.5050370174286022e-01    5.9898529242828336e-01
0.0000000000000000e+00    3.4576716523282158e-01    5.9898529053687277e-01
0.0000000000000000e+00    3.4103062872278295e-01    5.9898528864546219e-01
0.0000000000000000e+00    3.3629409221274431e-01    5.9898528675405160e-01
0.0000000000000000e+00    3.3155755570270568e-01    5.9898528486264102e-01
0.0000000000000000e+00    3.2682101919266704e-01    5.9898528297123044e-01
0.0000000000000000e+00    3.2208448268262840e-01    5.9898528107981985e-01
0.0000000000000000e+00    3.1734794617258977e-01    5.9898527918840927e-01
0.0000000000000000e+00    3.1261140966255113e-01    5.9898527729699869e-01
0.0000000000000000e+00    3.0787487315251250e-01    5.9898527540558810e-01
0.0000000000000000e+00    3.0313833664247386e-01    5.9898527351417752e-01
0.0000000000000000e+00    2.9840180013243522e-01    5.9898527162276693e-01
0.0000000000000000e+00    2.9366526362239659e-01    5.9898526973135635e-01
0.0000000000000000e+00    2.8892872711235795e-01    5.9898526783994577e-01
0.0000000000000000e+00    2.8419219060231932e-01    5.9898526594853518e-01
0.0000000000000000e+00    2.7945565409228068e-01    5.9898526405712460e-01
0.0000000000000000e+00    2.7471911758224205e-01    5.9898526216571402e-01
0.0000000000000000e+00    2.6998258107220341e-01    5.9898526027430343e-01
0.0000000000000000e+00    2.6524604456216477e-01    5.9898525838289285e-01
0.0000000000000000e+00    2.6050950805212614e-01    5.9898525649148227e-01
0.0000000000000000e+00    2.5577297154208750e-01    5.9898525460007168e-01
0.0000000000000000e+00    2.5103643503204887e-01    5.9898525270866110e-01
0.0000000000000000e+00    2.4629989852201023e-01    5.9898525081725051e-01
0.0000000000000000e+00    2.4156336201197159e-01    5.9898524892583993e-01
0.0000000000000000e+00    2.3682682550193296e-01    5.9898524703442935e-01
0.0000000000000000e+00    2.3209028899189432e-01    5.9898524514301876e-01
0.0000000000000000e+00    2.2735375248185569e-01    5.9898524325160818e-01
0.0000000000000000e+00    2.2261721597181705e-01    5.9898524136019760e-01
0.0000000000000000e+00    2.1788067946177841e-01    5.9898523946878701e-01
0.0000000000000000e+00    2.1314414295173978e-01    5.9898523757737643e-01
0.0000000000000000e+00    2.0840760644170114e-01    5.9898523568596584e-01
0.0000000000000000e+00    2.0367106993166251e-01    5.9898523379455526e-01
0.0000000000000000e+00    1.9893453342162387e-01    5.9898523190314468e-01
0.0000000000000000e+00    1.9419799691158524e-01    5.9898523001173409e-01
0.0000000000000000e+00    1.8946146040154660e-01    5.9898522812032351e-01
0.0000000000000000e+00    1.8472492389150796e-01    5.9898522622891293e-01
0.0000000000000000e+00    1.7998838738146933e-01    5.9898522433750234e-01
0.0000000000000000e+00    1.7525185087143069e-01    5.9898522244609176e-01
0.0000000000000000e+00    1.7051531436139206e-01    5.9898522055468117e-01
0.0000000000000000e+00    1.6577877785135342e-01    5.9898521866327059e-01
0.0000000000000000e+00    1.6104224134131478e-01    5.9898521677186001e-01
0.0000000000000000e+00    1.5630570483127615e-01    5.9898521488044942e-01
0.0000000000000000e+00    1.5156916832123751e-01    5.9898521298903884e-01
0.0000000000000000e+00    1.4683263181119888e-01    5.9898521109762826e-01
0.0000000000000000e+00    1.4209609530116024e-01    5.9898520920621767e-01
0.0000000000000000e+00    1.3735955879112161e-01    5.9898520731480709e-01
0.0000000000000000e+00    1.3262302228108297e-01    5.9898520542339651e-01
0.0000000000000000e+00    1.2788648577104433e-01    5.9898520353198592e-01
0.0000000000000000e+00    1.2314994926100568e-01    5.9898520164057534e-01
0.0000000000000000e+00    1.1841341275096703e-01    5.9898519974916475e-01
0.0000000000000000e+00    1.1367687624092838e-01    5.9898519785775417e-01
0.0000000000000000e+00    1.0894033973088973e-01    5.9898519596634359e-01
0.0000000000000000e+00    1.0420380322085109e-01    5.9898519407493300e-01
0.0000000000000000e+00    9.9467266710812435e-02    5.9898519218352242e-01
0.0000000000000000e+00    9.4730730200773786e-02    5.9898519029211184e-01
0.0000000000000000e+00    8.9994193690735136e-02    5.9898518840070125e-01
0.0000000000000000e+00    8.5257657180696486e-02    5.9898518650929067e-01
0.0000000000000000e+00    8.0521120670657836e-02    5.9898518461788008e-01
0.0000000000000000e+00    7.5784584160619187e-02    5.9898518272646950e-01
0.0000000000000000e+00    7.1048047650580537e-02    5.9898518083505892e-01
0.0000000000000000e+00    6.6311511140541887e-02    5.9898517894364833e-01
0.0000000000000000e+00    6.1574974630503237e-02    5.9898517705223775e-01
0.0000000000000000e+00    5.6838438120464588e-02    5.9898517516082717e-01
0.0000000000000000e+00    5.2101901610425938e-02    5.9898517326941658e-01
0.0000000000000000e+00    4.7365365100387288e-02    5.9898517137800600e-01
0.0000000000000000e+00    4.2628828590348639e-02    5.9898516948659541e-01
0.0000000000000000e+00    3.7892292080309989e-02    5.9898516759518483e-01
0.0000000000000000e+00    3.3155755570271339e-02    5.9898516570377425e-01
0.0000000000000000e+00    2.8419219060232693e-02    5.9898516381236366e-01
0.0000000000000000e+00    2.3682682550194047e-02    5.9898516192095308e-01
0.0000000000000000e+00    1.8946146040155400e-02    5.9898516002954250e-01
0.0000000000000000e+00    1.4209609530116754e-02    5.9898515813813191e-01
0.0000000000000000e+00    9.4730730200781078e-03    5.9898515624672133e-01
0.0000000000000000e+00    4.7365365100394607e-03    5.9898515435531074e-01
0.0000000000000000e+00    0.0000000000000000e+00    5.9898515246390305e-01
4.1019638819676128e-03    2.3682682550193240e-03    5.9898515340960834e-01
8.2039277639352256e-03    4.7365365100386480e-03    5.9898515435531363e-01
1.2305891645902838e-02    7.1048047650579720e-03    5.9898515530101892e-01
1.6407855527870451e-02    9.4730730200772960e-03    5.9898515624672422e-01
2.0509819409838065e-02    1.1841341275096621e-02    5.9898515719242951e-01
2.4611783291805679e-02    1.4209609530115946e-02    5.9898515813813480e-01
2.8713747173773292e-02    1.6577877785135271e-02    5.9898515908384009e-01
3.2815711055740902e-02    1.8946146040154595e-02    5.9898516002954538e-01
3.6917674937708513e-02    2.1314414295173920e-02    5.9898516097525067e-01
4.1019638819676123e-02    2.3682682550193245e-02    5.9898516192095597e-01
4.5121602701643733e-02    2.6050950805212570e-02    5.9898516286666126e-01
4.9223566583611343e-02    2.8419219060231895e-02    5.9898516381236655e-01
5.3325530465578953e-02    3.0787487315251220e-02    5.9898516475807184e-01
5.7427494347546564e-02    3.3155755570270541e-02    5.9898516570377713e-01
6.1529458229514174e-02    3.5524023825289866e-02    5.9898516664948243e-01
6.5631422111481791e-02    3.7892292080309191e-02    5.9898516759518772e-01
6.9733385993449401e-02    4.0260560335328516e-02    5.9898516854089301e-01
7.3835349875417011e-02    4.2628828590347841e-02    5.9898516948659830e-01
7.7937313757384621e-02    4.4997096845367165e-02    5.9898517043230359e-01
8.2039277639352232e-02    4.7365365100386490e-02    5.9898517137800888e-01
8.6141241521319842e-02    4.9733633355405815e-02    5.9898517232371418e-01
9.0243205403287452e-02    5.2101901610425140e-02    5.9898517326941947e-01
9.4345169285255062e-02    5.4470169865444465e-02    5.9898517421512476e-01
9.8447133167222672e-02    5.6838438120463790e-02    5.9898517516083005e-01
1.0254909704919028e-01    5.9206706375483115e-02    5.9898517610653534e-01
1.0665106093115789e-01    6.1574974630502440e-02    5.9898517705224064e-01
1.1075302481312550e-01    6.3943242885521764e-02    5.9898517799794593e-01
1.1485498869509311e-01    6.6311511140541082e-02    5.9898517894365122e-01
1.1895695257706072e-01    6.8679779395560400e-02    5.9898517988935651e-01
1.2305891645902833e-01    7.1048047650579718e-02    5.9898518083506180e-01
1.2716088034099596e-01    7.3416315905599036e-02    5.9898518178076710e-01
1.3126284422296358e-01    7.5784584160618354e-02    5.9898518272647239e-01
1.3536480810493121e-01    7.8152852415637672e-02    5.9898518367217768e-01
1.3946677198689883e-01    8.0521120670656990e-02    5.9898518461788297e-01
1.4356873586886645e-01    8.2889388925676308e-02    5.9898518556358826e-01
1.4767069975083408e-01    8.5257657180695626e-02    5.9898518650929355e-01
1.5177266363280170e-01    8.7625925435714944e-02    5.9898518745499885e-01
1.5587462751476933e-01    8.9994193690734262e-02    5.9898518840070414e-01
1.5997659139673695e-01    9.2362461945753579e-02    5.9898518934640943e-01
1.6407855527870457e-01    9.4730730200772897e-02    5.9898519029211472e-01
1.6818051916067220e-01    9.7098998455792215e-02    5.9898519123782001e-01
1.7228248304263982e-01    9.9467266710811533e-02    5.9898519218352531e-01
1.7638444692460745e-01    1.0183553496583085e-01    5.9898519312923060e-01
1.8048641080657507e-01    1.0420380322085017e-01    5.9898519407493589e-01
1.8458837468854269e-01    1.0657207147586949e-01    5.9898519502064118e-01
1.8869033857051032e-01    1.0894033973088880e-01    5.9898519596634647e-01
1.9279230245247794e-01    1.1130860798590812e-01    5.9898519691205176e-01
1.9689426633444557e-01    1.1367687624092744e-01    5.9898519785775706e-01
2.0099623021641319e-01    1.1604514449594676e-01    5.9898519880346235e-01
2.0509819409838081e-01    1.1841341275096608e-01    5.9898519974916764e-01
2.0920015798034844e-01    1.2078168100598539e-01    5.9898520069487293e-01
2.1330212186231606e-01    1.2314994926100471e-01    5.9898520164057822e-01
2.1740408574428369e-01    1.2551821751602404e-01    5.9898520258628352e-01
2.2150604962625131e-01    1.2788648577104336e-01    5.9898520353198881e-01
2.2560801350821894e-01    1.3025475402606268e-01    5.9898520447769410e-01
2.2970997739018656e-01    1.3262302228108200e-01    5.9898520542339939e-01
2.3381194127215418e-01    1.3499129053610132e-01    5.9898520636910468e-01
2.3791390515412181e-01    1.3735955879112063e-01    5.9898520731480998e-01
2.4201586903608943e-01    1.3972782704613995e-01    5.9898520826051527e-01
2.4611783291805706e-01    1.4209609530115927e-01    5.9898520920622056e-01
2.5021979680002465e-01    1.4446436355617859e-01    5.9898521015192585e-01
2.5432176068199225e-01    1.4683263181119791e-01    5.9898521109763114e-01
2.5842372456395984e-01    1.4920090006621722e-01    5.9898521204333643e-01
2.6252568844592744e-01    1.5156916832123654e-01    5.9898521298904173e-01
2.6662765232789504e-01    1.5393743657625586e-01    5.9898521393474702e-01
2.7072961620986263e-01    1.5630570483127518e-01    5.9898521488045231e-01
2.7483158009183023e-01    1.5867397308629450e-01    5.9898521582615760e-01
2.7893354397379783e-01    1.6104224134131381e-01    5.9898521677186289e-01
2.8303550785576542e-01    1.6341050959633313e-01    5.9898521771756819e-01
2.8713747173773302e-01    1.6577877785135245e-01    5.9898521866327348e-01
2.9123943561970062e-01    1.6814704610637177e-01    5.9898521960897877e-01
2.9534139950166821e-01    1.7051531436139108e-01    5.9898522055468406e-01
2.9944336338363581e-01    1.7288358261641040e-01    5.9898522150038935e-01
3.0354532726560340e-01    1.7525185087142972e-01    5.9898522244609465e-01
3.0764729114757100e-01    1.7762011912644904e-01    5.9898522339179994e-01
3.1174925502953860e-01    1.7998838738146836e-01    5.9898522433750523e-01
3.1585121891150619e-01    1.8235665563648767e-01    5.9898522528321052e-01
3.1995318279347379e-01    1.8472492389150699e-01    5.9898522622891581e-01
3.2405514667544139e-01    1.8709319214652631e-01    5.9898522717462110e-01
3.2815711055740898e-01    1.8946146040154563e-01    5.9898522812032640e-01
3.3225907443937658e-01    1.9182972865656495e-01    5.9898522906603169e-01
3.3636103832134417e-01    1.9419799691158426e-01    5.9898523001173698e-01
3.4046300220331177e-01    1.9656626516660358e-01    5.9898523095744227e-01
3.4456496608527937e-01    1.9893453342162290e-01    5.9898523190314756e-01
3.4866692996724696e-01    2.0130280167664222e-01    5.9898523284885286e-01
3.5276889384921456e-01    2.0367106993166154e-01    5.9898523379455815e-01
3.5687085773118216e-01    2.0603933818668085e-01    5.9898523474026344e-01
3.6097282161314975e-01    2.0840760644170017e-01    5.9898523568596873e-01
3.6507478549511735e-01    2.1077587469671949e-01    5.9898523663167402e-01
3.6917674937708495e-01    2.1314414295173881e-01    5.9898523757737931e-01
3.7327871325905254e-01    2.1551241120675813e-01    5.9898523852308461e-01
3.7738067714102014e-01    2.1788067946177744e-01    5.9898523946878990e-01
3.8148264102298773e-01    2.2024894771679676e-01    5.9898524041449519e-01
3.8558460490495533e-01    2.2261721597181608e-01    5.9898524136020048e-01
3.8968656878692293e-01    2.2498548422683540e-01    5.9898524230590577e-01
3.9378853266889052e-01    2.2735375248185472e-01    5.9898524325161107e-01
3.9789049655085812e-01    2.2972202073687403e-01    5.9898524419731636e-01
4.0199246043282572e-01    2.3209028899189335e-01    5.9898524514302165e-01
4.0609442431479331e-01    2.3445855724691267e-01    5.9898524608872694e-01
4.1019638819676130e-01    2.3682682550193240e-01    5.9898524703443079e-01
