 &input
    amass(1)=208.980000,
      amass(2)=137.327000,
        amass(3)=47.867000,
	  amass(4)=15.999400,
    asr='crystal',
    flfrc='LWN.525.fc',
    flfrq='LWN.525.freq'
 &end
   351
   0.00000   0.00000   0.00000  1.00
   0.01000   0.00000   0.00000  1.00
   0.02000   0.00000   0.00000  1.00
   0.03000   0.00000   0.00000  1.00
   0.04000   0.00000   0.00000  1.00
   0.05000   0.00000   0.00000  1.00
   0.06000   0.00000   0.00000  1.00
   0.07000   0.00000   0.00000  1.00
   0.08000   0.00000   0.00000  1.00
   0.09000   0.00000   0.00000  1.00
   0.10000   0.00000   0.00000  1.00
   0.11000   0.00000   0.00000  1.00
   0.12000   0.00000   0.00000  1.00
   0.13000   0.00000   0.00000  1.00
   0.14000   0.00000   0.00000  1.00
   0.15000   0.00000   0.00000  1.00
   0.16000   0.00000   0.00000  1.00
   0.17000   0.00000   0.00000  1.00
   0.18000   0.00000   0.00000  1.00
   0.19000   0.00000   0.00000  1.00
   0.20000   0.00000   0.00000  1.00
   0.21000   0.00000   0.00000  1.00
   0.22000   0.00000   0.00000  1.00
   0.23000   0.00000   0.00000  1.00
   0.24000   0.00000   0.00000  1.00
   0.25000   0.00000   0.00000  1.00
   0.26000   0.00000   0.00000  1.00
   0.27000   0.00000   0.00000  1.00
   0.28000   0.00000   0.00000  1.00
   0.29000   0.00000   0.00000  1.00
   0.30000   0.00000   0.00000  1.00
   0.31000   0.00000   0.00000  1.00
   0.32000   0.00000   0.00000  1.00
   0.33000   0.00000   0.00000  1.00
   0.34000   0.00000   0.00000  1.00
   0.35000   0.00000   0.00000  1.00
   0.36000   0.00000   0.00000  1.00
   0.37000   0.00000   0.00000  1.00
   0.38000   0.00000   0.00000  1.00
   0.39000   0.00000   0.00000  1.00
   0.40000   0.00000   0.00000  1.00
   0.41000   0.00000   0.00000  1.00
   0.42000   0.00000   0.00000  1.00
   0.43000   0.00000   0.00000  1.00
   0.44000   0.00000   0.00000  1.00
   0.45000   0.00000   0.00000  1.00
   0.46000   0.00000   0.00000  1.00
   0.47000   0.00000   0.00000  1.00
   0.48000   0.00000   0.00000  1.00
   0.49000   0.00000   0.00000  1.00
   0.50000   0.00000   0.00000  1.00
   0.50000   0.01988   0.00000  1.00
   0.50000   0.03977   0.00000  1.00
   0.50000   0.05965   0.00000  1.00
   0.50000   0.07953   0.00000  1.00
   0.50000   0.09942   0.00000  1.00
   0.50000   0.11930   0.00000  1.00
   0.50000   0.13919   0.00000  1.00
   0.50000   0.15907   0.00000  1.00
   0.50000   0.17895   0.00000  1.00
   0.50000   0.19884   0.00000  1.00
   0.50000   0.21872   0.00000  1.00
   0.50000   0.23860   0.00000  1.00
   0.50000   0.25849   0.00000  1.00
   0.50000   0.27837   0.00000  1.00
   0.50000   0.29825   0.00000  1.00
   0.50000   0.31814   0.00000  1.00
   0.50000   0.33802   0.00000  1.00
   0.50000   0.35791   0.00000  1.00
   0.50000   0.37779   0.00000  1.00
   0.50000   0.39767   0.00000  1.00
   0.50000   0.41756   0.00000  1.00
   0.50000   0.43744   0.00000  1.00
   0.50000   0.45732   0.00000  1.00
   0.50000   0.47721   0.00000  1.00
   0.50000   0.49709   0.00000  1.00
   0.50000   0.51697   0.00000  1.00
   0.50000   0.53686   0.00000  1.00
   0.50000   0.55674   0.00000  1.00
   0.50000   0.57663   0.00000  1.00
   0.50000   0.59651   0.00000  1.00
   0.50000   0.61639   0.00000  1.00
   0.50000   0.63628   0.00000  1.00
   0.50000   0.65616   0.00000  1.00
   0.50000   0.67604   0.00000  1.00
   0.50000   0.69593   0.00000  1.00
   0.50000   0.71581   0.00000  1.00
   0.50000   0.73569   0.00000  1.00
   0.50000   0.75558   0.00000  1.00
   0.50000   0.77546   0.00000  1.00
   0.50000   0.79535   0.00000  1.00
   0.50000   0.81523   0.00000  1.00
   0.50000   0.83511   0.00000  1.00
   0.50000   0.85500   0.00000  1.00
   0.50000   0.87488   0.00000  1.00
   0.50000   0.89476   0.00000  1.00
   0.50000   0.91465   0.00000  1.00
   0.50000   0.93453   0.00000  1.00
   0.50000   0.95441   0.00000  1.00
   0.50000   0.97430   0.00000  1.00
   0.50000   0.99418   0.00000  1.00
   0.49000   0.99418   0.00000  1.00
   0.48000   0.99418   0.00000  1.00
   0.47000   0.99418   0.00000  1.00
   0.46000   0.99418   0.00000  1.00
   0.45000   0.99418   0.00000  1.00
   0.44000   0.99418   0.00000  1.00
   0.43000   0.99418   0.00000  1.00
   0.42000   0.99418   0.00000  1.00
   0.41000   0.99418   0.00000  1.00
   0.40000   0.99418   0.00000  1.00
   0.39000   0.99418   0.00000  1.00
   0.38000   0.99418   0.00000  1.00
   0.37000   0.99418   0.00000  1.00
   0.36000   0.99418   0.00000  1.00
   0.35000   0.99418   0.00000  1.00
   0.34000   0.99418   0.00000  1.00
   0.33000   0.99418   0.00000  1.00
   0.32000   0.99418   0.00000  1.00
   0.31000   0.99418   0.00000  1.00
   0.30000   0.99418   0.00000  1.00
   0.29000   0.99418   0.00000  1.00
   0.28000   0.99418   0.00000  1.00
   0.27000   0.99418   0.00000  1.00
   0.26000   0.99418   0.00000  1.00
   0.25000   0.99418   0.00000  1.00
   0.24000   0.99418   0.00000  1.00
   0.23000   0.99418   0.00000  1.00
   0.22000   0.99418   0.00000  1.00
   0.21000   0.99418   0.00000  1.00
   0.20000   0.99418   0.00000  1.00
   0.19000   0.99418   0.00000  1.00
   0.18000   0.99418   0.00000  1.00
   0.17000   0.99418   0.00000  1.00
   0.16000   0.99418   0.00000  1.00
   0.15000   0.99418   0.00000  1.00
   0.14000   0.99418   0.00000  1.00
   0.13000   0.99418   0.00000  1.00
   0.12000   0.99418   0.00000  1.00
   0.11000   0.99418   0.00000  1.00
   0.10000   0.99418   0.00000  1.00
   0.09000   0.99418   0.00000  1.00
   0.08000   0.99418   0.00000  1.00
   0.07000   0.99418   0.00000  1.00
   0.06000   0.99418   0.00000  1.00
   0.05000   0.99418   0.00000  1.00
   0.04000   0.99418   0.00000  1.00
   0.03000   0.99418   0.00000  1.00
   0.02000   0.99418   0.00000  1.00
   0.01000   0.99418   0.00000  1.00
   0.00000   0.99418   0.00000  1.00
   0.00000   0.97430   0.00000  1.00
   0.00000   0.95441   0.00000  1.00
   0.00000   0.93453   0.00000  1.00
   0.00000   0.91465   0.00000  1.00
   0.00000   0.89476   0.00000  1.00
   0.00000   0.87488   0.00000  1.00
   0.00000   0.85500   0.00000  1.00
   0.00000   0.83511   0.00000  1.00
   0.00000   0.81523   0.00000  1.00
   0.00000   0.79535   0.00000  1.00
   0.00000   0.77546   0.00000  1.00
   0.00000   0.75558   0.00000  1.00
   0.00000   0.73569   0.00000  1.00
   0.00000   0.71581   0.00000  1.00
   0.00000   0.69593   0.00000  1.00
   0.00000   0.67604   0.00000  1.00
   0.00000   0.65616   0.00000  1.00
   0.00000   0.63628   0.00000  1.00
   0.00000   0.61639   0.00000  1.00
   0.00000   0.59651   0.00000  1.00
   0.00000   0.57663   0.00000  1.00
   0.00000   0.55674   0.00000  1.00
   0.00000   0.53686   0.00000  1.00
   0.00000   0.51697   0.00000  1.00
   0.00000   0.49709   0.00000  1.00
   0.00000   0.47721   0.00000  1.00
   0.00000   0.45732   0.00000  1.00
   0.00000   0.43744   0.00000  1.00
   0.00000   0.41756   0.00000  1.00
   0.00000   0.39767   0.00000  1.00
   0.00000   0.37779   0.00000  1.00
   0.00000   0.35791   0.00000  1.00
   0.00000   0.33802   0.00000  1.00
   0.00000   0.31814   0.00000  1.00
   0.00000   0.29825   0.00000  1.00
   0.00000   0.27837   0.00000  1.00
   0.00000   0.25849   0.00000  1.00
   0.00000   0.23860   0.00000  1.00
   0.00000   0.21872   0.00000  1.00
   0.00000   0.19884   0.00000  1.00
   0.00000   0.17895   0.00000  1.00
   0.00000   0.15907   0.00000  1.00
   0.00000   0.13919   0.00000  1.00
   0.00000   0.11930   0.00000  1.00
   0.00000   0.09942   0.00000  1.00
   0.00000   0.07953   0.00000  1.00
   0.00000   0.05965   0.00000  1.00
   0.00000   0.03977   0.00000  1.00
   0.00000   0.01988   0.00000  1.00
   0.00000  -0.00000   0.00000  1.00
   0.00000   0.00000   0.00996  1.00
   0.00000   0.00000   0.01993  1.00
   0.00000   0.00000   0.02989  1.00
   0.00000   0.00000   0.03985  1.00
   0.00000   0.00000   0.04982  1.00
   0.00000   0.00000   0.05978  1.00
   0.00000   0.00000   0.06974  1.00
   0.00000   0.00000   0.07970  1.00
   0.00000   0.00000   0.08967  1.00
   0.00000   0.00000   0.09963  1.00
   0.00000   0.00000   0.10959  1.00
   0.00000   0.00000   0.11956  1.00
   0.00000   0.00000   0.12952  1.00
   0.00000   0.00000   0.13948  1.00
   0.00000   0.00000   0.14945  1.00
   0.00000   0.00000   0.15941  1.00
   0.00000   0.00000   0.16937  1.00
   0.00000   0.00000   0.17934  1.00
   0.00000   0.00000   0.18930  1.00
   0.00000   0.00000   0.19926  1.00
   0.00000   0.00000   0.20923  1.00
   0.00000   0.00000   0.21919  1.00
   0.00000   0.00000   0.22915  1.00
   0.00000   0.00000   0.23911  1.00
   0.00000   0.00000   0.24908  1.00
   0.00000   0.00000   0.25904  1.00
   0.00000   0.00000   0.26900  1.00
   0.00000   0.00000   0.27897  1.00
   0.00000   0.00000   0.28893  1.00
   0.00000   0.00000   0.29889  1.00
   0.00000   0.00000   0.30886  1.00
   0.00000   0.00000   0.31882  1.00
   0.00000   0.00000   0.32878  1.00
   0.00000   0.00000   0.33875  1.00
   0.00000   0.00000   0.34871  1.00
   0.00000   0.00000   0.35867  1.00
   0.00000   0.00000   0.36864  1.00
   0.00000   0.00000   0.37860  1.00
   0.00000   0.00000   0.38856  1.00
   0.00000   0.00000   0.39852  1.00
   0.00000   0.00000   0.40849  1.00
   0.00000   0.00000   0.41845  1.00
   0.00000   0.00000   0.42841  1.00
   0.00000   0.00000   0.43838  1.00
   0.00000   0.00000   0.44834  1.00
   0.00000   0.00000   0.45830  1.00
   0.00000   0.00000   0.46827  1.00
   0.00000   0.00000   0.47823  1.00
   0.00000   0.00000   0.48819  1.00
   0.00000   0.00000   0.49816  1.00
   0.01000   0.00000   0.49816  1.00
   0.02000   0.00000   0.49816  1.00
   0.03000   0.00000   0.49816  1.00
   0.04000   0.00000   0.49816  1.00
   0.05000   0.00000   0.49816  1.00
   0.06000   0.00000   0.49816  1.00
   0.07000   0.00000   0.49816  1.00
   0.08000   0.00000   0.49816  1.00
   0.09000   0.00000   0.49816  1.00
   0.10000   0.00000   0.49816  1.00
   0.11000   0.00000   0.49816  1.00
   0.12000   0.00000   0.49816  1.00
   0.13000   0.00000   0.49816  1.00
   0.14000   0.00000   0.49816  1.00
   0.15000   0.00000   0.49816  1.00
   0.16000   0.00000   0.49816  1.00
   0.17000   0.00000   0.49816  1.00
   0.18000   0.00000   0.49816  1.00
   0.19000   0.00000   0.49816  1.00
   0.20000   0.00000   0.49816  1.00
   0.21000   0.00000   0.49816  1.00
   0.22000   0.00000   0.49816  1.00
   0.23000   0.00000   0.49816  1.00
   0.24000   0.00000   0.49816  1.00
   0.25000   0.00000   0.49816  1.00
   0.26000   0.00000   0.49816  1.00
   0.27000   0.00000   0.49816  1.00
   0.28000   0.00000   0.49816  1.00
   0.29000   0.00000   0.49816  1.00
   0.30000   0.00000   0.49816  1.00
   0.31000   0.00000   0.49816  1.00
   0.32000   0.00000   0.49816  1.00
   0.33000   0.00000   0.49816  1.00
   0.34000   0.00000   0.49816  1.00
   0.35000   0.00000   0.49816  1.00
   0.36000   0.00000   0.49816  1.00
   0.37000   0.00000   0.49816  1.00
   0.38000   0.00000   0.49816  1.00
   0.39000   0.00000   0.49816  1.00
   0.40000   0.00000   0.49816  1.00
   0.41000   0.00000   0.49816  1.00
   0.42000   0.00000   0.49816  1.00
   0.43000   0.00000   0.49816  1.00
   0.44000   0.00000   0.49816  1.00
   0.45000   0.00000   0.49816  1.00
   0.46000   0.00000   0.49816  1.00
   0.47000   0.00000   0.49816  1.00
   0.48000   0.00000   0.49816  1.00
   0.49000   0.00000   0.49816  1.00
   0.50000   0.00000   0.49816  1.00
   0.50000   0.01988   0.49816  1.00
   0.50000   0.03977   0.49816  1.00
   0.50000   0.05965   0.49816  1.00
   0.50000   0.07953   0.49816  1.00
   0.50000   0.09942   0.49816  1.00
   0.50000   0.11930   0.49816  1.00
   0.50000   0.13919   0.49816  1.00
   0.50000   0.15907   0.49816  1.00
   0.50000   0.17895   0.49816  1.00
   0.50000   0.19884   0.49816  1.00
   0.50000   0.21872   0.49816  1.00
   0.50000   0.23860   0.49816  1.00
   0.50000   0.25849   0.49816  1.00
   0.50000   0.27837   0.49816  1.00
   0.50000   0.29825   0.49816  1.00
   0.50000   0.31814   0.49816  1.00
   0.50000   0.33802   0.49816  1.00
   0.50000   0.35791   0.49816  1.00
   0.50000   0.37779   0.49816  1.00
   0.50000   0.39767   0.49816  1.00
   0.50000   0.41756   0.49816  1.00
   0.50000   0.43744   0.49816  1.00
   0.50000   0.45732   0.49816  1.00
   0.50000   0.47721   0.49816  1.00
   0.50000   0.49709   0.49816  1.00
   0.50000   0.51697   0.49816  1.00
   0.50000   0.53686   0.49816  1.00
   0.50000   0.55674   0.49816  1.00
   0.50000   0.57663   0.49816  1.00
   0.50000   0.59651   0.49816  1.00
   0.50000   0.61639   0.49816  1.00
   0.50000   0.63628   0.49816  1.00
   0.50000   0.65616   0.49816  1.00
   0.50000   0.67604   0.49816  1.00
   0.50000   0.69593   0.49816  1.00
   0.50000   0.71581   0.49816  1.00
   0.50000   0.73569   0.49816  1.00
   0.50000   0.75558   0.49816  1.00
   0.50000   0.77546   0.49816  1.00
   0.50000   0.79535   0.49816  1.00
   0.50000   0.81523   0.49816  1.00
   0.50000   0.83511   0.49816  1.00
   0.50000   0.85500   0.49816  1.00
   0.50000   0.87488   0.49816  1.00
   0.50000   0.89476   0.49816  1.00
   0.50000   0.91465   0.49816  1.00
   0.50000   0.93453   0.49816  1.00
   0.50000   0.95441   0.49816  1.00
   0.50000   0.97430   0.49816  1.00
   0.50000   0.99418   0.49816  1.00
